15, 0, 2, 4, 6, 10, 43, 72, 80, 114, 179, 191, 219, 252, 254, 272, 6, 1, 2, 1, 1, 2, 2, 2, 1, 1, 1, 4, 3, 6, 5, 
16, 3, 5, 7, 11, 44, 114, 183, 191, 192, 200, 203, 220, 251, 253, 255, 259, 1, -4, 1, 4, 5, 1, 1, 7, 2, 9, 1, 2, 1, 5, -1, 1, 
6, 3, 80, 113, 133, 209, 234, 3, -6, 22, 6, 1, 1, 
11, 2, 26, 71, 81, 113, 114, 134, 152, 209, 220, 253, 5, 1, 4, 4, 3, 6, 5, 2, 3, 2, 1, 
9, 10, 20, 43, 45, 51, 74, 196, 203, 254, -2, 1, 6, 1, 1, 25, 1, -1, 1, 
16, 5, 15, 19, 21, 39, 44, 64, 73, 75, 77, 78, 180, 188, 198, 203, 255, 1, 2, 1, 1, 1, -3, 5, 9, -7, 1, 1, 2, 2, 3, 4, 4, 
9, 0, 4, 10, 40, 43, 115, 196, 219, 231, 2, 1, -1, 4, 6, 1, 2, 1, 1, 
18, 7, 11, 13, 40, 44, 46, 50, 65, 87, 115, 136, 172, 191, 195, 239, 243, 253, 255, 3, -10, 1, 1, 13, 1, 3, 3, 3, 1, -1, 2, 2, 1, 3, 2, 2, -3, 
10, 4, 8, 9, 17, 18, 20, 40, 72, 76, 84, 1, 1, -1, -9, 2, 1, 2, -7, 2, 2, 
9, 5, 16, 17, 19, 39, 40, 73, 197, 203, 1, 10, -3, 1, 3, 3, 23, 1, 1, 
22, 0, 4, 6, 14, 17, 20, 39, 40, 41, 43, 45, 46, 49, 50, 62, 74, 76, 77, 115, 116, 181, 182, 0, 2, 0, 0, 2, 0, 0, 0, 0, 0, 2, 1, 0, 0, 1, -4, 0, 0, 8, 3, 0, 0, 
14, 7, 13, 15, 16, 21, 40, 42, 44, 46, 50, 73, 76, 77, 182, 0, 0, 0, 1, 0, 0, 0, 0, 4, 0, 3, 0, 0, 0, 
33, 0, 1, 4, 6, 8, 10, 12, 17, 18, 20, 21, 39, 40, 41, 43, 45, 49, 76, 77, 78, 112, 113, 116, 184, 190, 192, 197, 199, 200, 223, 224, 225, 231, 2, 1, -2, 26, 1, -35, 2, -2, -3, 10, 50, 16, 4, 17, 13, 3, 9, 12, 3, 2, 3, 3, -2, 5, -3, 2, 2, 1, 15, -1, -1, -1, -8, 
32, 0, 1, 4, 7, 11, 20, 21, 39, 40, 42, 44, 46, 50, 51, 56, 74, 76, 77, 112, 113, 184, 189, 192, 196, 199, 219, 222, 224, 226, 230, 247, 272, 2, 3, -1, 27, -33, 53, 3, 13, 32, 20, 7, 3, 2, 1, -1, -1, 2, 18, 3, 3, 10, -8, 2, 4, 22, 2, -3, -1, -1, -2, -1, -2, 
8, 10, 23, 49, 61, 62, 219, 242, 254, -6, 1, -5, -1, -1, -3, -1, 2, 
8, 15, 50, 75, 115, 182, 203, 220, 255, 1, 5, 1, 2, 2, 1, 2, 3, 
7, 17, 19, 52, 66, 78, 84, 190, 1, -1, 1, -1, 1, 2, -1, 
4, 8, 17, 41, 52, 3, -1, 2, 1, 
12, 8, 19, 39, 40, 45, 51, 72, 74, 76, 77, 79, 198, -25, 7, -32, -9, 3, -1, -3, 1, -22, -12, -3, 3, 
12, 5, 9, 13, 39, 40, 42, 45, 52, 73, 75, 77, 198, 2, -29, -1, -21, -38, -1, 2, -1, 8, 1, -22, 4, 
23, 4, 10, 18, 39, 40, 43, 45, 51, 72, 74, 76, 110, 115, 116, 187, 192, 195, 196, 198, 203, 240, 254, 256, -39, -4, -67, -1, 1, 3, 1, -2, 23, -15, 1, -5, -6, -3, 1, 6, -1, -10, -12, -12, -1, -1, 1, 
18, 5, 11, 12, 19, 52, 60, 73, 75, 78, 110, 115, 116, 190, 196, 197, 198, 203, 245, -37, -2, 7, -70, 2, -1, 25, -8, 2, -3, -3, -1, -2, -2, 5, -19, -15, -2, 
5, 6, 15, 47, 50, 58, 5, 2, 3, 1, 1, 
12, 2, 14, 23, 59, 67, 80, 84, 178, 194, 230, 231, 233, 1, 0, 0, 1, -3, -1, 2, 2, 5, 1, 1, 1, 
4, 81, 183, 220, 255, 4, 0, 1, 1, 
4, 196, 241, 245, 246, 6, 5, 1, 2, 
9, 3, 197, 220, 226, 232, 238, 240, 245, 246, -1, 3, 4, 1, 4, 1, 1, 2, 6, 
10, 13, 65, 79, 110, 173, 179, 180, 187, 203, 236, 1, 1, 3, 6, 2, 8, 5, 4, 2, 1, 
11, 28, 54, 56, 59, 60, 88, 97, 172, 268, 269, 294, 3, 0, 0, 3, 6, 13, 28, 1, 13, 1, -1, 
8, 53, 55, 56, 57, 58, 61, 103, 263, 0, 0, 0, 1, 2, -1, 2, 6, 
8, 53, 54, 57, 58, 96, 103, 163, 263, 0, 0, 4, 3, 1, 2, 1, 6, 
9, 53, 54, 60, 89, 97, 172, 268, 269, 270, 0, 0, 4, 1, 4, 1, 1, 10, 1, 
5, 56, 60, 98, 269, 270, 0, 1, 3, 3, 4, 
9, 53, 54, 55, 56, 57, 90, 98, 99, 270, 0, 0, 0, 0, 2, 2, 2, 2, 11, 
7, 34, 53, 54, 55, 99, 116, 270, 3, 0, 0, 0, 1, 2, 3, 
4, 54, 100, 271, 261, 0, 2, 5, 3, 
6, 53, 54, 101, 271, 261, 262, 0, 0, 3, 3, 6, 2, 
6, 53, 54, 101, 102, 262, 263, 0, 0, 2, 2, 10, 2, 
5, 53, 54, 102, 262, 263, 0, 0, 1, 1, 8, 
13, 6, 8, 9, 10, 16, 17, 19, 20, 40, 46, 72, 74, 77, -1, 1, -1, 5, 1, 1, -2, 4, 3, -2, -7, 1, 8, 
21, 6, 7, 8, 9, 10, 11, 17, 18, 19, 21, 39, 42, 45, 46, 49, 50, 73, 75, 76, 77, 182, 12, 2, 1, 4, 10, -5, 3, 1, 4, 2, 2, 3, 8, -2, 4, 1, 5, 1, 1, 5, -2, 
7, 6, 10, 14, 17, 45, 72, 205, 2, -1, -8, 1, 3, 1, 1, 
11, 11, 15, 16, 19, 46, 50, 73, 75, 76, 77, 87, 5, 6, 1, 2, 3, 1, 1, 1, 1, -3, 2, 
10, 6, 10, 12, 72, 74, 115, 116, 203, 219, 254, 6, 1, 1, 2, 2, 3, 4, 1, 1, 1, 
18, 1, 5, 7, 12, 40, 44, 46, 62, 64, 66, 75, 77, 115, 172, 180, 195, 203, 220, 2, 6, 4, 3, 2, 2, 2, -1, 1, -1, 2, 1, 1, 2, 2, 6, 1, 1, 
5, 16, 73, 76, 77, 254, 11, 2, 1, 2, 1, 
4, 3, 11, 77, 226, 1, 2, -2, 1, 
7, 10, 14, 39, 49, 181, 182, 205, 4, 2, 1, 1, 3, 1, 1, 
4, 15, 22, 47, 115, 4, 4, -1, 2, 
9, 10, 14, 40, 41, 43, 45, 47, 115, 181, 9, 7, 1, 2, 1, 3, 12, 3, 12, 
6, 15, 47, 48, 65, 115, 182, 4, 1, 12, 1, 2, -6, 
8, 4, 13, 17, 110, 131, 189, 203, 254, -12, 1, -1, 4, 2, 9, 7, 14, 
10, 5, 16, 17, 73, 78, 110, 188, 190, 198, 255, 9, 2, 2, 1, 2, 8, 2, 2, 2, 21, 
63, 0, 2, 3, 6, 12, 26, 27, 43, 51, 54, 55, 56, 57, 58, 59, 60, 62, 63, 65, 67, 76, 79, 81, 110, 112, 113, 114, 136, 137, 138, 155, 163, 164, 165, 171, 172, 173, 174, 175, 177, 178, 179, 180, 187, 189, 191, 192, 199, 200, 219, 220, 223, 224, 225, 230, 231, 233, 241, 254, 259, 264, 263, 298, 3, 7, -9, 9, 5, 0, 4, 15, 11, 0, 0, 0, 0, 0, 0, 0, -1, 0, 1, -4, 1, 4, 7, 0, 14, 33, 23, 0, 27, 13, 1, 48, 35, 5, 23, 0, 0, 13, 9, 0, 0, 0, 0, 2, 0, 15, 15, 5, 9, -3, -1, 0, 0, 0, 0, 0, 0, 0, 0, 2, 0, 0, -1, 
58, 0, 1, 2, 3, 6, 7, 13, 15, 22, 27, 43, 44, 52, 53, 55, 56, 57, 58, 59, 60, 63, 64, 66, 67, 78, 110, 112, 113, 114, 137, 138, 163, 164, 171, 172, 173, 174, 175, 179, 180, 186, 188, 190, 191, 192, 199, 212, 221, 224, 226, 230, 247, 255, 266, 268, 297, 291, 293, 7, 8, 9, 4, 5, 8, 2, 0, -3, 6, 1, 10, 3, 0, 0, 0, 0, 0, 0, 0, 0, 1, -1, -5, 3, 0, 16, 48, 10, 23, 31, 33, 38, 26, 0, 0, 29, 30, 0, 0, 1, 2, 0, 18, 13, 2, 0, 0, 0, 0, 0, 0, 0, 0, 0, -1, -2, -2, 
45, 0, 1, 6, 7, 12, 27, 43, 53, 54, 56, 58, 61, 62, 63, 64, 65, 66, 67, 68, 71, 74, 110, 112, 113, 114, 172, 173, 179, 180, 183, 190, 194, 195, 199, 200, 220, 226, 230, 231, 252, 254, 255, 257, 259, 285, 5, 8, 12, 3, 21, 7, 14, 0, 0, 0, 1, -4, -6, 5, 2, 3, -5, -10, 2, 13, 2, 1, 1, 22, 30, 7, 21, 13, 8, 17, 0, 26, 1, 9, 9, 2, 1, 1, 23, 1, 4, 2, 1, 5, 1, 
47, 0, 1, 7, 13, 27, 44, 54, 55, 61, 62, 63, 64, 65, 66, 67, 71, 75, 81, 110, 113, 114, 116, 131, 172, 173, 177, 178, 179, 180, 182, 183, 189, 194, 195, 199, 200, 202, 219, 220, 223, 230, 231, 242, 253, 255, 258, 286, 21, 15, 7, 13, 12, 6, 0, 0, -1, -6, 3, 1, -1, -6, -2, 9, 2, 1, 1, 22, 11, 1, 2, 27, 14, 2, 1, 12, 11, 1, 17, 0, 1, 35, 11, 12, 2, 3, 3, 1, 2, 19, 1, 1, 3, 1, 1, 
38, 0, 1, 2, 6, 7, 14, 27, 43, 44, 53, 54, 56, 58, 59, 60, 63, 64, 66, 67, 71, 113, 114, 137, 138, 163, 164, 171, 172, 173, 174, 175, 177, 178, 197, 220, 230, 253, 266, 1, 2, 2, 4, 26, 1, 3, 7, 27, 3, 3, 4, 3, 5, -4, -1, -1, 1, 1, 1, 30, 25, 27, 5, 6, 7, 15, -7, 16, 1, 1, 7, 1, 1, 2, -3, 1, 1, 
43, 0, 1, 3, 6, 7, 15, 22, 23, 27, 43, 44, 51, 53, 54, 55, 57, 60, 63, 65, 67, 71, 110, 113, 114, 116, 137, 138, 155, 161, 162, 163, 164, 171, 172, 173, 174, 177, 178, 179, 186, 189, 254, 258, 2, 3, 5, 15, 3, 2, 1, 3, 2, 20, 2, 2, 2, 6, 3, 5, 4, 3, 1, 7, 1, 2, 34, 8, 1, 6, 14, 1, 2, 2, 1, 5, 20, 11, -6, 1, 6, 2, 3, 2, 4, -1, 2, 
43, 0, 1, 2, 12, 13, 20, 21, 22, 23, 51, 53, 57, 60, 66, 68, 70, 78, 79, 85, 87, 110, 114, 128, 133, 152, 172, 173, 178, 189, 190, 196, 203, 204, 219, 230, 244, 254, 256, 257, 258, 259, 275, 294, 3, 1, 3, 1, 4, 3, 28, -8, 3, 9, -1, -5, -3, -1, 4, -3, 2, 8, 9, 13, -19, 21, 2, -2, 39, -2, -6, -5, -9, -6, 7, -4, -17, 2, -1, -1, -9, 1, 5, 8, 26, -1, -1, 
44, 3, 20, 21, 22, 44, 52, 53, 54, 55, 56, 58, 63, 67, 68, 78, 84, 86, 110, 114, 116, 127, 128, 134, 151, 172, 173, 189, 190, 196, 197, 199, 204, 207, 211, 220, 244, 245, 247, 250, 255, 256, 257, 258, 266, 4, 26, 1, -4, 7, 13, -2, -3, -1, -2, -2, -1, -3, 2, 7, 13, 5, -17, 7, -1, 5, 5, -2, 53, -7, -6, -14, -4, 1, 4, 5, -18, -1, -2, -6, -1, -1, -1, -1, -2, 9, 2, 23, -1, 
15, 14, 15, 43, 62, 63, 64, 65, 115, 116, 161, 174, 195, 242, 283, 287, 5, 3, -2, -7, 3, 1, 2, 11, 4, 4, 1, -1, 1, 1, 2, 
11, 14, 15, 61, 64, 65, 115, 116, 182, 219, 232, 287, 4, 4, -12, 5, 2, 4, 2, 1, 1, -1, 1, 
13, 61, 62, 63, 161, 162, 163, 171, 172, 174, 177, 180, 277, 288, -5, -1, 2, 11, 9, 1, 1, 2, 8, 2, 1, 1, 1, 
17, 2, 5, 14, 44, 61, 62, 65, 66, 71, 80, 81, 116, 161, 171, 173, 180, 243, 2, 1, 2, 1, -4, -3, 1, -3, 3, 2, -2, 2, 4, 1, 1, 3, 2, 
17, 14, 15, 43, 61, 62, 64, 74, 116, 161, 162, 165, 166, 179, 181, 194, 242, 286, 1, 2, 2, -1, -3, 1, 2, 2, 1, 1, 1, 2, -3, 1, 1, -1, 1, 
26, 1, 6, 7, 14, 27, 56, 57, 61, 62, 63, 64, 67, 81, 114, 115, 116, 137, 172, 177, 178, 180, 183, 195, 200, 220, 285, 13, 3, 2, 1, 3, 2, 1, -2, 5, 7, 4, 1, 5, 2, 3, 3, 4, 3, 6, 1, 2, 11, 2, 4, 4, 1, 
26, 0, 3, 6, 7, 15, 55, 58, 63, 64, 65, 66, 71, 80, 114, 137, 138, 171, 172, 177, 178, 183, 194, 195, 242, 254, 258, 11, -1, 9, 3, 1, 1, 1, 3, 1, 5, 1, 1, -2, 2, 1, 4, 1, 2, 8, -1, 5, 8, 2, 1, 4, 1, 
11, 69, 71, 112, 176, 183, 184, 197, 200, 204, 217, 218, 3, 1, 2, 15, 1, 7, 21, 1, 6, 9, 7, 
12, 20, 70, 184, 192, 196, 197, 199, 204, 209, 210, 217, 218, 4, -2, -8, 1, 17, 5, 1, 13, 1, 1, 14, -9, 
16, 2, 55, 61, 111, 129, 173, 177, 178, 180, 182, 184, 204, 259, 283, 285, 288, 1, 1, 5, 21, -1, 1, 1, 3, 4, -2, 3, 9, -5, 2, -1, 2, 
3, 67, 68, 176, -1, -2, -2, 
4, 6, 18, 74, 181, 1, -14, 2, 1, 
11, 5, 11, 19, 21, 40, 44, 45, 46, 50, 115, 182, 1, 4, 1, 1, 1, 1, 2, 1, 2, 3, 4, 
9, 4, 6, 8, 39, 44, 65, 72, 115, 116, -2, 3, 4, 1, 1, 1, 9, -5, 2, 
8, 5, 19, 64, 73, 115, 195, 203, 255, 4, 1, 3, 3, 3, 2, 1, 2, 
12, 6, 10, 11, 17, 18, 39, 40, 45, 46, 74, 77, 257, 2, 1, -6, 2, 5, 16, 1, 3, 2, 1, 17, 1, 
14, 4, 5, 7, 10, 11, 13, 18, 20, 21, 39, 40, 45, 46, 76, 2, 1, 7, 6, 6, 1, 3, 2, 2, 11, 1, 4, 5, 11, 
9, 5, 16, 27, 52, 79, 190, 197, 198, 217, 6, 5, 8, 1, -3, 8, 2, -2, 1, 
12, 17, 19, 27, 51, 78, 135, 187, 189, 196, 198, 203, 254, 9, 1, -5, 3, 1, 1, 2, 3, -3, 5, 1, 2, 
6, 2, 23, 69, 71, 177, 178, 1, 15, 3, 3, 5, 1, 
7, 15, 24, 64, 71, 85, 116, 177, 2, 14, 1, 5, 5, 2, 2, 
0, 
0, 
20, 2, 14, 17, 23, 47, 60, 151, 153, 178, 187, 191, 192, 198, 204, 211, 219, 233, 236, 252, 254, -1, 3, 2, 2, 1, 1, -5, 3, 2, 1, 1, 1, 6, -4, 2, 1, -1, -1, 2, 1, 
11, 3, 24, 84, 85, 87, 132, 152, 192, 253, 255, 257, 5, 1, -1, 6, 1, 2, 4, -1, 1, 1, 3, 
13, 23, 151, 188, 189, 191, 198, 204, 207, 209, 222, 247, 250, 258, 3, 14, 1, -5, 2, 3, -7, -2, 1, 1, -1, 1, 3, 
20, 3, 7, 15, 16, 24, 45, 46, 50, 78, 81, 152, 183, 188, 195, 198, 204, 243, 246, 253, 259, 1, 1, 1, -2, 3, 1, -1, 2, 2, -1, 16, 2, 1, 2, -6, -4, -8, -1, 4, 1, 
9, 28, 53, 54, 57, 58, 59, 60, 71, 97, 8, 0, 0, 4, 5, 11, 11, 2, 16, 
13, 53, 54, 57, 58, 59, 60, 97, 98, 104, 110, 173, 193, 260, 0, 0, 2, 5, 5, 7, 2, 3, 0, 1, 1, 1, 1, 
12, 32, 33, 53, 54, 56, 57, 58, 59, 60, 89, 98, 105, 1, 2, 0, 0, 0, 9, 3, 6, 3, 1, 12, 0, 
10, 53, 54, 56, 57, 58, 90, 92, 98, 99, 173, 0, 0, 0, 3, 2, 2, 1, 1, 4, 1, 
14, 35, 53, 54, 55, 57, 58, 93, 99, 100, 106, 116, 172, 173, 183, 1, 0, 0, 0, 1, 3, 1, 1, 3, 0, 2, 1, 2, 1, 
5, 54, 94, 101, 116, 193, 0, 1, 3, 1, 2, 
7, 53, 54, 55, 56, 95, 101, 173, 0, 0, 0, 0, 1, 12, 1, 
16, 53, 54, 57, 58, 63, 96, 101, 102, 111, 161, 162, 163, 171, 172, 181, 263, 0, 0, 2, 1, 1, 1, 1, 4, 0, 3, 2, 1, 1, 2, 1, 9, 
9, 53, 54, 102, 103, 157, 165, 166, 183, 263, 0, 0, 1, 3, 1, 0, 0, 0, 17, 
6, 28, 31, 58, 88, 89, 193, 3, 1, 1, 1, 1, 1, 
7, 33, 54, 91, 110, 172, 173, 183, 2, 0, 2, 2, 4, 4, 2, 
9, 54, 59, 60, 90, 110, 172, 173, 178, 183, 0, 1, 1, 2, 3, 2, 6, 1, 3, 
9, 35, 56, 58, 92, 110, 172, 173, 183, 284, 1, 0, 1, 1, 1, 6, 6, 1, 1, 
1, 93, 1, 
1, 94, 1, 
8, 53, 95, 96, 110, 171, 172, 183, 263, 0, 1, 1, 1, 2, 5, 2, 10, 
25, 28, 31, 33, 64, 70, 88, 89, 97, 98, 113, 177, 182, 193, 225, 260, 264, 265, 272, 275, 283, 284, 285, 289, 294, 295, 2, 3, 2, 1, 4, 12, 7, 31, 3, 6, 5, -1, 3, 1, 12, 20, 18, 1, 30, 6, 6, 1, 2, 1, 6, 
17, 33, 90, 91, 98, 99, 178, 180, 193, 265, 266, 267, 275, 276, 277, 283, 284, 285, 4, 3, 4, 16, 3, 1, 1, 2, 10, 17, 6, 1, 36, 7, 8, 4, 3, 
12, 92, 93, 99, 100, 267, 268, 269, 277, 278, 283, 284, 285, 12, 7, 14, 9, 17, 21, 3, 13, 34, 8, 8, 5, 
7, 94, 95, 100, 269, 270, 271, 279, 3, 4, 2, 17, 9, 6, 32, 
10, 95, 99, 100, 174, 270, 271, 261, 280, 281, 282, 4, 14, 9, 3, 9, 6, 9, 29, 10, 10, 
21, 30, 70, 96, 100, 111, 157, 158, 181, 182, 271, 261, 262, 263, 281, 282, 273, 274, 288, 291, 292, 293, 6, -1, 4, 2, 10, 3, 2, -1, 2, 6, 9, 19, 2, 19, 19, 19, 19, 2, 2, -2, 3, 
27, 13, 20, 21, 27, 51, 55, 65, 68, 96, 113, 114, 159, 160, 161, 162, 165, 166, 172, 173, 175, 176, 183, 196, 197, 203, 230, 231, 1, 1, 3, 6, 2, 0, 1, 1, 1, 1, 6, 1, 7, 2, 6, 12, 22, 4, 3, 5, 3, 2, 1, 4, 9, 1, 10, 
2, 61, 70, 1, 1, 
16, 57, 58, 63, 70, 111, 135, 180, 184, 189, 197, 217, 218, 250, 283, 284, 287, 2, 4, 2, 2, 5, 1, 3, 3, 1, 2, 1, 2, 1, 1, 3, 3, 
7, 2, 3, 12, 114, 173, 193, 230, 4, -1, 1, 14, 2, 1, 2, 
5, 3, 67, 88, 97, 113, 4, -2, 2, 1, 2, 
16, 15, 43, 44, 47, 50, 61, 62, 74, 75, 80, 115, 116, 181, 195, 203, 287, 3, 2, 4, 1, 1, -2, -4, 1, 2, 3, 1, 1, 3, 2, 1, 1, 
19, 15, 18, 44, 47, 48, 56, 61, 62, 70, 75, 81, 115, 178, 180, 181, 195, 254, 285, 287, 3, 1, 5, 1, 1, 0, -3, -3, -2, 2, 8, 5, 1, 2, 6, 3, 1, 1, 3, 
4, 119, 121, 123, 148, 0, 1, 0, 0, 
2, 120, 124, 0, -1, 
6, 117, 120, 123, 124, 139, 150, 10, 3, 3, 1, 3, 1, 
7, 118, 119, 122, 123, 124, 139, 150, -6, 3, 7, 1, 4, 2, 1, 
7, 117, 118, 123, 124, 139, 140, 148, 3, 1, 1, 12, 8, 2, 2, 
10, 119, 120, 123, 139, 140, 141, 144, 148, 149, 150, 13, 20, 7, 1, 8, 1, 5, -1, 1, 3, 
10, 117, 118, 119, 120, 121, 122, 139, 140, 141, 144, 2, 2, -2, 2, 2, 2, 2, 2, 3, 1, 
3, 117, 121, 150, 1, 1, -4, 
6, 84, 131, 226, 248, 254, 256, 18, 17, 12, 4, 2, 3, 
11, 85, 126, 132, 152, 154, 183, 207, 212, 249, 253, 257, -15, 1, 28, 1, 1, 5, 2, 1, 3, 2, 5, 
9, 2, 129, 133, 209, 210, 212, 215, 250, 252, 3, 3, 6, 1, 2, 1, 4, 3, 10, 
13, 3, 85, 126, 130, 134, 188, 207, 209, 211, 214, 221, 251, 253, 1, 1, 2, 4, 2, 2, 9, 1, 2, 2, 2, 2, 5, 
7, 86, 129, 135, 151, 183, 250, 258, 9, 5, 27, -3, 9, 6, 1, 
8, 87, 136, 152, 156, 183, 233, 251, 259, 8, 29, 2, -2, 9, 1, 9, 3, 
3, 84, 125, 131, 1, -1, 2, 
4, 12, 26, 126, 220, -1, 7, 5, 1, 
9, 2, 77, 127, 135, 155, 198, 234, 246, 254, 5, 2, 1, 1, 1, 2, 1, -1, 1, 
6, 3, 39, 152, 198, 220, 253, 1, -1, 1, 3, 2, 3, 
1, 198, 4, 
5, 87, 130, 198, 211, 251, 3, 2, 5, 1, -3, 
7, 53, 54, 57, 58, 165, 177, 263, -6, -4, -2, 3, 2, 3, 2, 
6, 53, 54, 166, 171, 173, 186, -2, -16, 6, 3, 1, 1, 
6, 118, 119, 120, 121, 123, 148, 1, 1, 3, -2, 3, 7, 
7, 117, 118, 121, 122, 123, 144, 148, 3, 1, 2, 5, -4, 1, -3, 
3, 118, 120, 148, 3, -2, -2, 
11, 117, 118, 121, 122, 123, 124, 140, 141, 144, 148, 149, 8, 1, 2, 6, 4, 10, 3, 2, -1, 2, 21, 
10, 117, 118, 120, 121, 122, 123, 140, 141, 149, 150, 2, 6, 2, 2, 22, 2, 1, 1, -1, 24, 
7, 120, 121, 123, 124, 143, 144, 149, 3, 2, 19, 15, 2, 15, 13, 
0, 
6, 117, 118, 120, 121, 144, 148, 2, 3, 1, 1, 1, 3, 
3, 117, 118, 121, 2, 4, 2, 
6, 117, 118, 121, 122, 123, 139, 2, 1, 1, -1, 4, 6, 
10, 117, 118, 119, 120, 122, 123, 124, 139, 142, 148, 3, 1, 14, 34, 8, 1, 24, 2, 1, 1, 
10, 118, 119, 120, 121, 122, 123, 124, 141, 148, 149, -2, 24, 7, 2, 15, 5, 23, 1, 2, 7, 
11, 2, 60, 84, 86, 127, 151, 209, 224, 252, 256, 258, 6, -1, 8, 4, 1, 4, -1, -3, -1, 3, -9, 
20, 3, 7, 39, 85, 87, 126, 128, 130, 134, 152, 190, 204, 209, 210, 214, 220, 223, 225, 253, 258, 3, 1, 1, 13, 14, -1, 1, 1, -5, -4, -1, -5, -3, -2, -1, -1, -4, -1, -1, 5, 
5, 84, 131, 133, 198, 256, 27, 2, 20, 11, 2, 
10, 15, 85, 132, 134, 152, 198, 201, 202, 253, 257, 1, 20, 2, 10, 1, 7, 2, 3, -2, 1, 
13, 6, 79, 86, 129, 133, 135, 191, 196, 198, 201, 212, 254, 258, -2, 2, 19, 2, -19, 6, 1, 2, 13, 1, 2, 2, -9, 
13, 5, 7, 75, 87, 130, 134, 136, 197, 198, 202, 211, 239, 255, 1, 1, 1, 11, 5, -26, 9, 2, 7, -2, 3, 1, 2, 
1, 111, 2, 
1, 138, 2, 
1, 160, -5, 
3, 110, 172, 173, -1, -1, -1, 
2, 63, 162, -3, 11, 
2, 161, 166, 13, -2, 
5, 137, 161, 162, 164, 171, 2, 7, 3, 3, 2, 
3, 161, 162, 163, 10, 8, 4, 
2, 111, 166, -2, 4, 
3, 164, 165, 263, 3, 2, 1, 
0, 
0, 
7, 224, 234, 239, 242, 243, 246, 247, 1, 10, -1, 5, -5, -6, -6, 
3, 235, 242, 243, 10, 2, 5, 
4, 58, 138, 177, 178, 3, -7, 5, 4, 
33, 7, 23, 27, 44, 53, 54, 57, 59, 63, 66, 67, 71, 81, 110, 114, 163, 164, 165, 171, 172, 173, 174, 175, 176, 177, 179, 180, 183, 185, 195, 230, 263, 284, 3, 11, 1, 3, 0, 0, 1, 1, 1, -5, -5, 10, 3, 4, 2, 71, 39, 7, 1, 1, 4, 13, 29, 1, 5, 3, 6, 4, 1, 1, 1, 3, 1, 
31, 23, 24, 27, 53, 54, 55, 58, 59, 62, 63, 66, 67, 71, 110, 113, 138, 164, 166, 171, 172, 174, 175, 176, 178, 179, 180, 185, 195, 263, 274, 293, 4, 10, 4, 0, 0, 0, 2, 2, -1, 2, -1, -7, 17, 1, 6, 9, 21, 25, 1, 10, 36, 29, 2, 2, 9, 13, 1, 1, 4, 1, -1, 
5, 62, 173, 175, 177, 179, -1, 2, 0, 1, 1, 
4, 112, 173, 174, 178, 0, 1, 0, 5, 
1, 183, 1, 
10, 53, 61, 63, 71, 80, 81, 137, 138, 163, 171, 1, 1, 2, 4, 2, -11, 1, 1, 1, 2, 
16, 15, 55, 63, 66, 71, 80, 81, 116, 157, 177, 178, 262, 279, 285, 288, 298, 1, 3, 4, 4, 3, 4, 5, 2, 1, 9, 1, 1, 1, 1, 2, 1, 
15, 0, 27, 65, 69, 111, 112, 162, 174, 181, 194, 196, 203, 219, 236, 242, 1, 3, 9, 1, 10, 4, -3, 1, 1, 8, 2, 2, 1, -1, 1, 
17, 5, 27, 44, 55, 62, 64, 70, 110, 116, 171, 173, 177, 195, 203, 283, 284, 285, -1, 1, 1, 3, 1, 2, 2, 3, 1, -1, 1, 1, 6, 1, 1, 1, 2, 
9, 10, 14, 47, 61, 62, 69, 115, 161, 162, 1, 1, 34, -1, -2, 1, 1, 3, 4, 
10, 48, 63, 64, 116, 162, 165, 166, 180, 284, 285, 19, 2, 3, 1, 1, 2, 4, 1, 1, 2, 
15, 1, 71, 86, 110, 126, 138, 160, 173, 176, 178, 183, 243, 246, 252, 287, -6, 6, -3, 2, 5, 2, 2, 1, 3, 1, -1, 2, -1, 1, 1, 
17, 59, 63, 112, 116, 162, 177, 178, 185, 197, 217, 251, 273, 283, 284, 285, 287, 291, 1, 2, 1, 1, 2, 6, 3, 1, 5, 3, 3, 1, 4, 6, 5, 1, 1, 
7, 70, 137, 138, 177, 178, 274, 293, -1, 1, 3, 4, 9, 1, -1, 
6, 138, 173, 177, 178, 185, 274, 2, 1, -1, 2, 1, 1, 
36, 2, 4, 6, 13, 18, 20, 25, 27, 43, 45, 51, 53, 74, 76, 77, 79, 86, 87, 110, 135, 188, 189, 198, 199, 203, 205, 206, 207, 209, 210, 244, 245, 246, 247, 254, 258, 2, -46, 0, 0, -51, 0, -1, 0, 0, 3, 0, -3, -10, 0, 0, 0, 1, 1, -3, -4, 0, -6, -34, 0, -11, -5, -6, -1, -20, -14, -9, -5, -19, -24, -15, 0, 
36, 3, 5, 19, 21, 22, 27, 39, 44, 52, 75, 78, 87, 110, 136, 156, 180, 187, 188, 190, 195, 197, 198, 203, 205, 206, 209, 210, 212, 226, 243, 244, 245, 246, 247, 255, 259, 1, -61, -50, 0, 2, 0, 0, 0, 0, -3, 0, 1, -4, -2, 0, -2, 0, 0, -8, -1, 0, -36, -4, -2, -2, -22, -21, -1, -1, -1, -14, -3, -31, -16, -20, 0, 
23, 4, 13, 16, 17, 18, 45, 51, 79, 84, 86, 112, 131, 151, 187, 196, 198, 199, 204, 213, 245, 250, 256, 258, 4, 0, 2, 8, 42, 1, 0, 0, 3, -3, 0, 1, 0, 0, 0, 18, 0, -8, 1, 1, 1, 0, 0, 
21, 12, 16, 19, 52, 78, 79, 112, 152, 188, 197, 198, 200, 204, 209, 213, 216, 217, 246, 257, 258, 259, 0, 3, 60, 0, 0, 0, 0, 0, 0, 0, 15, 0, 18, 1, -1, 2, 1, 1, 0, 0, 0, 
17, 0, 7, 23, 84, 85, 86, 87, 132, 133, 154, 155, 192, 221, 239, 252, 253, 254, 3, 1, 2, 11, 13, 20, 13, 1, 1, 2, 4, 3, 1, 3, 1, -1, 8, 
21, 0, 7, 13, 20, 23, 84, 85, 86, 87, 132, 153, 154, 156, 191, 199, 221, 230, 231, 252, 253, 255, 1, 5, 1, 11, 3, 8, -19, 17, 12, 2, 6, 2, 3, 2, 1, 1, 3, 3, 1, -1, 3, 
14, 0, 14, 16, 17, 31, 67, 71, 78, 97, 172, 173, 219, 221, 258, 1, 2, 2, 2, 2, 0, 2, 3, 1, 12, 19, 2, 1, 4, 
10, 2, 10, 12, 14, 23, 61, 80, 115, 195, 219, 1, 10, 1, 2, 2, -1, 2, 9, 1, 1, 
15, 1, 7, 11, 15, 42, 50, 61, 64, 66, 73, 75, 85, 116, 182, 255, 1, 2, -10, 3, 14, 1, 1, 1, 1, 5, 1, 2, 6, 4, 3, 
20, 2, 3, 4, 6, 13, 20, 27, 54, 65, 69, 74, 78, 79, 112, 179, 184, 189, 203, 223, 254, 18, 12, 0, 1, 1, 4, 1, 0, 1, 1, 0, 3, 10, 16, 0, 1, 0, 0, 0, 0, 
15, 2, 3, 4, 5, 12, 73, 78, 112, 180, 184, 190, 203, 220, 228, 255, 15, 11, 0, 0, 5, 6, 7, 13, 0, 6, 0, 0, 2, 0, 0, 
24, 2, 5, 18, 84, 85, 131, 133, 134, 135, 136, 153, 154, 156, 184, 190, 196, 201, 202, 216, 218, 240, 248, 251, 258, 3, -2, -1, 1, 4, -2, -25, -19, -5, -5, 3, 2, 18, 2, -2, 2, 2, -1, 2, -1, -2, -3, -1, 2, 
26, 0, 12, 13, 20, 26, 43, 68, 69, 115, 116, 187, 189, 191, 192, 194, 199, 200, 204, 209, 223, 224, 225, 226, 244, 247, 272, 0, 0, 0, 0, 0, 0, 3, -5, 0, 0, 0, 0, 1, 10, 0, 0, 0, 10, 0, 0, 0, 0, 0, 0, 0, 0, 
25, 1, 12, 13, 21, 60, 64, 68, 69, 70, 110, 116, 187, 191, 192, 195, 199, 204, 210, 217, 223, 224, 225, 226, 244, 245, 0, 0, 0, 0, 0, 1, -2, 3, 2, 0, 0, 0, 8, 1, 0, 0, 15, 0, 0, 0, 0, 0, 0, 0, 0, 
16, 0, 6, 43, 84, 86, 125, 129, 131, 132, 135, 183, 198, 201, 226, 248, 250, 4, 3, 4, 8, 4, 11, 13, 28, 1, 36, 16, 18, 2, 12, 12, -15, 
17, 1, 7, 78, 87, 126, 130, 132, 136, 156, 183, 195, 198, 214, 230, 249, 251, 255, 9, 2, 1, 3, -28, 16, 43, 43, 18, -19, 2, 7, 1, 1, 16, 13, 10, 
21, 4, 5, 6, 10, 18, 27, 39, 43, 64, 65, 73, 75, 110, 115, 179, 187, 196, 197, 220, 254, 255, 4, 7, 1, 2, 1, 1, 1, 4, 2, 8, 2, 7, 4, -3, 1, 3, 8, 5, 1, -1, 4, 
19, 66, 70, 84, 113, 152, 172, 184, 189, 190, 200, 204, 209, 210, 216, 217, 230, 244, 245, 258, -1, -1, 3, 0, 0, -2, 1, -5, -1, 0, -3, 1, 1, -1, 1, 8, -2, -3, 0, 
13, 2, 4, 68, 77, 87, 187, 188, 192, 206, 209, 241, 245, 246, 2, -1, -5, 3, 2, 8, 3, 1, -8, -1, -1, -1, -6, 
12, 1, 2, 19, 78, 112, 187, 188, 191, 219, 223, 244, 247, 5, 2, -1, 2, 2, 12, 3, 4, 1, -1, -1, -1, 
26, 24, 62, 86, 126, 127, 128, 129, 151, 153, 154, 187, 188, 204, 206, 208, 210, 212, 216, 220, 221, 238, 247, 250, 255, 257, 258, 1, 1, 7, 11, 20, 8, 30, 22, 1, 11, 48, 48, 1, -1, -1, -6, -43, -1, 1, -2, -1, -3, -7, -2, 9, 23, 
21, 23, 25, 87, 116, 125, 128, 130, 152, 153, 187, 188, 204, 209, 211, 216, 219, 246, 251, 252, 256, 259, 1, -1, 4, -1, 3, 12, 40, 26, 10, 35, 53, 1, -7, -41, 1, 1, -3, -1, -2, 15, 32, 
27, 2, 3, 68, 69, 127, 128, 133, 134, 151, 152, 187, 188, 199, 200, 204, 205, 210, 218, 219, 220, 222, 232, 235, 243, 244, 253, 259, 11, 1, 1, 1, 3, 11, -5, -3, 6, 9, 26, 9, 9, 15, -10, -4, -11, -6, 2, 20, -4, -4, -1, -2, -3, -1, 2, 
29, 3, 15, 22, 69, 85, 127, 128, 133, 152, 187, 188, 189, 199, 200, 204, 206, 209, 211, 217, 218, 219, 220, 221, 222, 243, 244, 245, 253, 255, 6, 0, -3, 2, -1, 9, 4, -3, 2, 17, 35, -1, 21, 12, -16, -4, -8, -2, -13, -1, 16, 7, -1, -1, -3, -1, -1, -1, -8, 
20, 16, 84, 125, 127, 128, 130, 151, 156, 169, 187, 188, 205, 207, 208, 209, 210, 219, 251, 256, 259, -3, 13, 3, 22, 8, 5, 3, 18, -1, 48, 57, -5, -1, -26, -2, -9, 15, -1, 18, 19, 
23, 85, 86, 126, 127, 128, 129, 152, 155, 187, 188, 190, 206, 207, 208, 209, 211, 212, 220, 223, 242, 250, 257, 258, 3, 8, 32, 5, 17, 3, 6, 14, 48, 47, -1, -1, -22, -3, -3, -1, -2, 23, -1, -1, -1, 12, 17, 
15, 131, 132, 136, 152, 153, 190, 193, 213, 216, 240, 241, 244, 245, 247, 257, 2, 3, 2, 0, 0, 1, 5, 1, 1, 4, 25, 7, 5, 9, 0, 
12, 125, 128, 131, 132, 134, 135, 136, 151, 153, 248, 250, 251, 1, 5, 11, 12, 5, 7, 8, 5, 2, 8, 8, 1, 
17, 2, 127, 131, 132, 133, 135, 136, 152, 154, 156, 198, 209, 215, 222, 249, 250, 251, -1, 4, 8, 11, 10, 6, 17, 3, 1, 2, 6, 3, 5, 4, 1, 3, 4, 
18, 131, 132, 133, 134, 135, 136, 184, 198, 204, 207, 214, 226, 242, 243, 244, 246, 250, 251, 1, 5, 5, 2, 2, 15, 4, 10, 3, 2, -1, 1, 20, 8, 1, 1, 10, 2, 
13, 13, 16, 45, 68, 69, 112, 184, 192, 199, 200, 224, 230, 272, 1, -1, 1, 2, 2, 14, -3, 1, 2, 1, -5, -3, -10, 
10, 12, 112, 184, 191, 199, 200, 209, 223, 224, 225, 6, 9, -7, 2, 2, 7, -1, -1, -1, -11, 
20, 2, 10, 14, 23, 25, 59, 62, 69, 80, 84, 86, 127, 181, 192, 196, 203, 210, 222, 224, 254, 7, 2, 0, 0, 1, 2, 1, 2, 3, -6, 2, 0, 0, 1, 0, -1, 1, 8, 1, 5, 
14, 3, 15, 44, 60, 85, 115, 116, 134, 182, 203, 238, 243, 253, 255, -5, 0, 0, 1, 1, 1, 1, 1, 0, 1, 1, 3, 8, 6, 
17, 2, 25, 84, 85, 86, 128, 129, 131, 153, 155, 197, 207, 209, 217, 219, 222, 231, 1, -1, 1, 7, 10, 3, 1, 1, 1, 2, 17, 1, 3, 2, 1, 3, 15, 
16, 2, 69, 84, 85, 86, 87, 154, 156, 196, 206, 209, 215, 219, 231, 239, 252, 2, 1, 8, 1, 5, 15, 3, 1, 23, -2, 1, 3, 4, 7, 1, 5, 
14, 12, 13, 68, 69, 80, 170, 187, 199, 206, 219, 220, 227, 242, 272, 6, 2, 1, 2, 3, 0, 1, 1, 0, 1, 3, 0, 0, 0, 
13, 2, 12, 13, 68, 110, 169, 188, 199, 205, 225, 227, 230, 243, 1, 10, 2, 3, 0, 0, 1, 4, 0, 0, 0, 0, 0, 
16, 12, 16, 25, 45, 68, 110, 169, 191, 199, 200, 221, 229, 241, 264, 289, 297, 3, 0, 0, 2, 3, 0, 0, 2, 10, 11, 0, 0, 0, 0, 1, 1, 
11, 13, 26, 54, 110, 199, 200, 217, 226, 228, 240, 244, 1, 0, 0, 0, 10, 8, 0, 0, 0, 0, 0, 
13, 57, 58, 59, 60, 64, 66, 70, 110, 116, 183, 223, 224, 225, 5, 1, 18, 1, 1, 0, 0, -2, -1, 2, 2, -2, 1, 
9, 53, 57, 58, 59, 60, 67, 70, 226, 285, -2, 2, 5, 16, 12, -3, -9, -2, 1, 
8, 54, 57, 58, 59, 60, 70, 116, 225, -2, 5, 1, -12, 11, -6, 1, 2, 
6, 23, 55, 81, 231, 233, 241, 2, 0, 2, 4, 4, 18, 
3, 183, 232, 240, 5, 4, 18, 
12, 13, 24, 69, 187, 219, 220, 231, 236, 240, 244, 253, 255, 1, 1, -3, 3, 2, 1, 0, 0, 0, 0, 0, 0, 
14, 2, 12, 21, 25, 84, 136, 188, 219, 230, 237, 241, 245, 246, 252, 2, 2, 1, 0, 4, 0, 4, 2, 0, 0, 0, 0, 0, 0, 
12, 86, 169, 188, 206, 210, 212, 219, 239, 240, 242, 247, 252, 6, 0, -7, 0, 0, 0, 4, 0, 0, 0, 0, 0, 
15, 12, 68, 87, 170, 187, 205, 211, 220, 238, 239, 241, 243, 246, 253, 255, 2, 2, -7, 0, 2, 0, 0, -2, 0, 0, 0, 0, 0, 0, 0, 
7, 84, 125, 153, 219, 223, 232, 244, 2, 3, 9, -5, 0, 0, 0, 
12, 12, 85, 154, 209, 212, 221, 223, 231, 233, 245, 247, 253, 3, 1, 6, 0, 0, 0, 0, 0, 0, 0, 0, 0, 
15, 7, 71, 155, 172, 206, 212, 220, 223, 230, 235, 244, 246, 252, 258, 259, 2, 4, 13, 0, 0, 0, -2, 0, 0, 0, 0, 0, 0, 1, 5, 
13, 2, 13, 68, 84, 156, 173, 211, 219, 234, 245, 253, 258, 259, 2, 2, -2, -2, 18, 0, 0, 4, 0, 0, 0, 4, 4, 
16, 4, 20, 26, 65, 69, 74, 85, 110, 191, 206, 226, 232, 241, 242, 244, 253, -1, 24, -4, 3, 3, -2, 1, -6, -5, -1, -1, -18, -3, -2, -3, -4, 
21, 2, 5, 21, 23, 25, 64, 84, 110, 187, 188, 191, 192, 212, 224, 225, 230, 233, 243, 245, 252, 259, 1, -2, -17, 2, -7, 4, 5, -6, 7, 2, -1, -3, -1, -2, -2, -11, -17, -2, -3, -3, 1, 
19, 2, 4, 6, 14, 20, 61, 65, 74, 86, 110, 169, 170, 219, 231, 234, 236, 240, 252, 272, 2, -9, 5, -4, 21, -1, 1, -3, 1, -5, -10, -7, 2, -11, -2, -1, -2, -1, -3, 
17, 5, 7, 21, 44, 64, 87, 110, 169, 170, 172, 188, 209, 220, 224, 235, 253, 255, -19, 5, 10, 7, 4, 2, -6, -13, -10, -3, 2, -2, 1, -1, -2, -1, -7, 
25, 13, 24, 151, 152, 187, 188, 190, 191, 192, 199, 200, 204, 206, 213, 219, 222, 226, 232, 236, 238, 240, 245, 247, 256, 257, 17, 1, 8, 3, 22, 32, 0, 11, 9, 11, 9, -1, 0, -1, 1, 0, 0, 0, 0, 0, 0, 0, 0, 2, 11, 
27, 12, 21, 26, 69, 87, 151, 152, 187, 188, 191, 192, 199, 200, 204, 205, 209, 210, 213, 216, 219, 225, 233, 237, 241, 244, 246, 256, 16, 4, 0, 3, 2, 9, 1, 33, 26, 8, 9, 14, 14, -6, 0, 0, 0, -4, -1, 2, 0, 0, 0, 0, 0, 0, 3, 
28, 1, 4, 13, 20, 25, 26, 76, 79, 110, 152, 170, 187, 188, 190, 192, 199, 200, 204, 205, 216, 217, 224, 225, 235, 238, 245, 247, 259, 1, 0, 7, 3, 0, 0, 1, 1, 0, 11, 0, 14, 43, 0, 6, 11, 2, -1, 0, -1, 0, 0, 0, 0, 0, 0, 0, 11, 
24, 0, 3, 12, 54, 69, 86, 151, 152, 169, 187, 188, 189, 190, 191, 192, 200, 204, 206, 234, 239, 244, 246, 257, 258, 3, 1, 4, 0, 1, 1, 10, 4, 0, 32, 26, 0, 0, 1, 3, 3, -1, 0, 0, 0, 0, 0, 3, 13, 
5, 80, 84, 125, 131, 183, 3, 8, 10, 8, 3, 
5, 81, 85, 126, 132, 134, 3, 3, 8, -5, 2, 
8, 0, 86, 112, 127, 129, 133, 135, 212, 1, 6, 1, 4, 4, 2, 7, -8, 
7, 78, 87, 130, 134, 136, 198, 202, 1, 3, 4, 1, 16, 1, 1, 
5, 2, 84, 127, 178, 252, 2, 11, 1, 2, 1, 
8, 3, 7, 24, 85, 134, 191, 192, 255, 1, 6, 1, -14, 3, 2, -2, 8, 
18, 0, 4, 14, 17, 27, 43, 51, 86, 110, 133, 178, 187, 196, 203, 219, 252, 254, 258, 2, -1, -1, -2, 5, 2, 1, -2, -1, -3, -2, 2, 6, -9, -3, -26, -3, 2, 
21, 1, 3, 5, 7, 15, 17, 52, 60, 78, 85, 128, 134, 136, 180, 195, 197, 203, 209, 220, 253, 257, 2, 2, -10, 8, -5, -2, 5, -1, 1, 2, 1, -1, -1, -1, -3, 3, -6, -1, 3, -16, 1, 
7, 20, 84, 110, 151, 153, 189, 252, 3, 7, 3, 2, 3, -3, 1, 
5, 1, 85, 126, 204, 249, 2, 3, 2, -1, 1, 
6, 86, 129, 151, 152, 204, 212, 5, 4, 1, 3, -1, 2, 
9, 5, 75, 87, 190, 197, 198, 204, 211, 251, 2, 1, -2, -2, 2, 4, -5, 1, 1, 
8, 53, 59, 60, 113, 225, 264, 272, 289, 0, 12, 5, 5, 1, 2, 7, 0, 
6, 53, 54, 55, 57, 280, 290, 0, 0, 0, 2, 1, 0, 
12, 53, 54, 58, 63, 172, 178, 263, 281, 282, 273, 291, 292, 0, 0, 1, 1, 1, 1, 4, 2, 2, 3, 0, 0, 
14, 53, 57, 96, 110, 163, 164, 165, 166, 175, 177, 186, 274, 292, 293, 0, 1, 1, 1, -5, -1, -6, -8, -3, 1, 1, 5, 0, 0, 
12, 53, 54, 55, 58, 60, 62, 71, 110, 225, 272, 275, 294, 0, 0, 0, 1, 4, 0, 1, 2, 2, 2, 5, 0, 
12, 53, 54, 56, 57, 58, 59, 60, 225, 264, 272, 275, 295, 0, 0, 0, 3, 2, 1, 1, 2, 2, 2, 11, 0, 
10, 53, 54, 56, 60, 225, 265, 272, 276, 277, 296, 0, 0, 0, 2, 2, 2, 2, 10, 1, 0, 
8, 53, 54, 57, 58, 268, 276, 277, 297, 0, 0, 1, 3, 2, 1, 1, 0, 
10, 53, 54, 63, 110, 116, 178, 267, 278, 297, 298, 0, 0, 1, 1, 2, 1, 2, 2, 0, 0, 
4, 53, 54, 279, 299, 0, 0, 3, 0, 
5, 53, 54, 110, 279, 300, 0, 0, 1, 2, 0, 
6, 53, 54, 175, 280, 300, 301, 0, 0, 2, 1, 0, 0, 
12, 2, 13, 61, 110, 114, 192, 199, 200, 247, 264, 289, 297, -2, 3, 0, 1, 1, -7, 8, 2, 0, 1, 0, 0, 
2, 262, 291, 6, 0, 
5, 110, 172, 173, 263, 292, 2, 1, 3, 4, 0, 
10, 20, 55, 61, 104, 225, 264, 265, 285, 294, 295, 1, 0, 0, 0, 1, 1, 1, 1, 0, 0, 
7, 71, 173, 183, 265, 266, 295, 296, 1, 1, 2, 3, 8, 0, 0, 
7, 172, 173, 266, 267, 268, 285, 297, 3, 1, 1, 1, 1, 1, 0, 
4, 175, 268, 277, 298, 1, 7, 1, 0, 
6, 172, 173, 175, 269, 270, 299, 2, 4, 4, 1, 1, 0, 
3, 271, 299, 300, 1, 0, 0, 
3, 271, 261, 301, 1, 1, 0, 
2, 261, 290, 1, 0, 
5, 61, 63, 70, 284, 285, -1, 2, -2, 3, 5, 
7, 70, 116, 178, 182, 275, 283, 285, -2, 6, 1, 1, 1, 4, 2, 
5, 55, 116, 283, 284, 286, 0, 1, 2, 4, 1, 
2, 116, 287, 1, 4, 
4, 115, 116, 286, 287, 9, 2, 2, 6, 
1, 70, -1, 
10, 28, 64, 182, 225, 260, 264, 272, 283, 284, 285, 20, 1, 1, 4, 3, 1, 4, 5, 2, 2, 
9, 29, 95, 96, 103, 174, 271, 261, 281, 282, 10, 7, 5, 7, -3, 3, 2, 6, 5, 
11, 29, 95, 96, 103, 157, 271, 261, 262, 282, 273, 288, 10, 5, 11, 5, 10, 3, 3, 5, 6, 7, 5, 
16, 30, 70, 95, 96, 103, 157, 158, 177, 185, 261, 262, 263, 273, 274, 288, 293, 20, 3, 5, 11, 5, 12, 10, 1, 1, 3, 3, 7, 6, 2, 3, 1, 
10, 30, 95, 96, 103, 111, 157, 158, 178, 263, 274, 4, 5, 1, 5, 1, 10, 10, 2, 12, 22, 
14, 31, 59, 88, 89, 97, 104, 225, 264, 265, 272, 275, 283, 284, 285, 21, 1, 4, 17, 24, 1, 2, 27, 3, 2, 14, 1, 3, 1, 
14, 32, 56, 59, 89, 90, 97, 98, 105, 178, 265, 275, 276, 283, 285, 23, 2, 1, 11, 43, 2, 33, 1, 3, 11, 4, 4, 2, 2, 
15, 33, 90, 91, 93, 98, 99, 101, 105, 178, 266, 276, 277, 283, 284, 285, 21, 13, 11, 3, 15, 9, 3, 1, 6, 8, 6, 1, 4, 6, 3, 
13, 34, 91, 92, 93, 99, 101, 193, 267, 268, 277, 283, 284, 285, 12, 21, 1, 3, 24, 3, 1, 9, 3, 3, 4, 4, 3, 
14, 35, 92, 93, 99, 100, 101, 178, 268, 269, 278, 279, 283, 284, 285, 20, 22, 13, 4, 14, 13, 1, 6, 2, 10, 1, 1, 2, 5, 
10, 36, 93, 94, 101, 102, 178, 269, 270, 279, 285, 20, 13, 10, 13, 10, 1, 13, 2, 22, 8, 
7, 37, 94, 95, 102, 103, 270, 280, 20, 12, 5, 12, 5, 3, 5, 
11, 38, 94, 95, 96, 102, 103, 112, 270, 271, 280, 281, 20, 10, 5, 5, 10, 5, -2, 3, 2, 6, 5, 
