ADAL
17, 0, 2, 4, 6, 10, 43, 72, 80, 114, 179, 191, 219, 252, 254, 272, 1, 181, 0, 0, 0, 0, 0, 0, 0, 0, 0, 0, 0, 0, 0, 0, 0, 91, 91,
ADAR
16, 3, 5, 7, 11, 44, 114, 183, 191, 192, 200, 203, 220, 251, 253, 255, 259, 0, 0, 0, 0, 0, 0, 0, 0, 0, 0, 0, 0, 0, 0, 0, 0,
ADEL
8, 3, 80, 113, 133, 209, 234, 16, 69, 0, 0, 0, 6, 1, 1, 91, 91,
ADER
12, 2, 26, 71, 81, 113, 114, 134, 152, 209, 220, 253, 68, 0, 1, 0, 0, 0, 0, 5, 0, 3, 0, 1, 91,
ADFL
10, 10, 20, 43, 45, 51, 74, 196, 203, 254, 0, 0, 0, 0, 0, 0, 0, 0, 0, 0, 91,
ADFR
18, 5, 15, 19, 21, 39, 44, 64, 73, 75, 77, 78, 180, 188, 198, 203, 255, 1, 11, 0, 0, 0, 0, 0, 0, 0, 0, 0, 0, 0, 0, 0, 0, 0, 0, 91, 91,
ADLL
9, 0, 4, 10, 40, 43, 115, 196, 219, 231, 0, 0, 0, 0, 0, 0, 0, 0, 0,
ADLR
19, 7, 11, 13, 40, 44, 46, 50, 65, 87, 115, 136, 172, 191, 195, 239, 243, 253, 255, 6, 0, 0, 0, 0, 0, 0, 0, 0, 0, 0, 0, 0, 0, 0, 0, 0, 0, 0, 91,
AFDL
10, 4, 8, 9, 17, 18, 20, 40, 72, 76, 84, 0, 0, 0, 0, 0, 0, 0, 0, 0, 0,
AFDR
10, 5, 16, 17, 19, 39, 40, 73, 197, 203, 8, 0, 0, 0, 0, 0, 0, 0, 0, 0, 91,
AIAL
23, 0, 4, 6, 14, 17, 20, 39, 40, 41, 43, 45, 46, 49, 50, 62, 74, 76, 77, 115, 116, 181, 182, 11, -2, 0, 19, 11, 0, 12, 6, 8, -46, -24, 0, 0, 29, -1, 0, 0, 2, 1, 0, 0, 10, 1, 91,
AIAR
14, 7, 13, 15, 16, 21, 40, 42, 44, 46, 50, 73, 76, 77, 182, 22, 1, 10, 0, 5, -4, 51, 28, 0, -35, 0, 4, 8, 12,
AIBL
39, 0, 1, 4, 6, 8, 10, 12, 17, 18, 20, 21, 39, 40, 41, 43, 45, 49, 76, 77, 78, 112, 113, 116, 184, 190, 192, 197, 199, 200, 223, 224, 225, 231, 8, 112, 184, 197, 200, 205, 2, 1, -2, 26, 1, -35, 2, -2, -3, 10, 50, 16, 4, 17, 13, 0, 9, 12, 3, 2, 3, 3, -2, 0, -3, 0, 2, 1, 15, -1, -1, -1, -8, 91, 91, 91, 93, 91, 91,
AIBR
39, 0, 1, 4, 7, 11, 20, 21, 39, 40, 42, 44, 46, 50, 51, 56, 74, 76, 77, 112, 113, 184, 189, 192, 196, 199, 219, 222, 224, 226, 230, 247, 272, 9, 112, 184, 196, 199, 204, 206, 2, 3, -1, 27, -33, 53, 3, 13, 32, 20, 7, 0, 2, 1, -1, -1, 2, 18, 3, 3, 0, -8, 0, 4, 22, 0, -3, -1, -1, -2, -1, -2, 91, 92, 91, 93, 91, 91, 91,
AIML
9, 10, 23, 49, 61, 62, 219, 242, 254, 237, 0, 0, 0, -1, -1, 0, 0, 0, 91,
AIMR
8, 15, 50, 75, 115, 182, 203, 220, 255, 0, 0, 0, 0, 0, 0, 0, 0,
AINL
9, 17, 19, 52, 66, 78, 84, 190, 17, 52, 0, 0, 0, -1, 0, 0, -1, 92, 91,
AINR
5, 8, 17, 41, 52, 51, 0, 0, 0, 0, 91,
AIYL
13, 8, 19, 39, 40, 45, 51, 72, 74, 76, 77, 79, 198, 19, -25, 7, -32, -9, 0, -1, 0, 1, -22, -12, -3, 3, 91,
AIYR
12, 5, 9, 13, 39, 40, 42, 45, 52, 73, 75, 77, 198, 2, -29, -1, -21, -38, -1, 0, -1, 0, 1, -22, 4,
AIZL
24, 4, 10, 18, 39, 40, 43, 45, 51, 72, 74, 76, 110, 115, 116, 187, 192, 195, 196, 198, 203, 240, 254, 256, 41, -39, -4, -67, 0, 0, 0, 0, 0, 0, -15, 0, -5, -6, -3, 0, 0, -1, 0, -12, -12, -1, -1, 0, 91,
AIZR
21, 5, 11, 12, 19, 52, 60, 73, 75, 78, 110, 115, 116, 190, 196, 197, 198, 203, 245, 20, 42, 73, -37, -2, 0, -70, 0, -1, 0, -8, 0, -3, -3, -1, -2, 0, 0, -19, -15, -2, 92, 91, 91,
ALA
6, 6, 15, 47, 50, 58, 193, 0, 2, 3, 0, 1, 91,
ALML
12, 2, 14, 23, 59, 67, 80, 84, 178, 194, 230, 231, 233, 0, -1, 1, 1, -3, 0, 0, 2, 5, 1, 1, 1,
ALMR
4, 81, 183, 220, 255, 0, 2, 0, 1,
ALNL
4, 196, 241, 245, 246, 0, 0, 0, 0,
ALNR
9, 3, 197, 220, 226, 232, 238, 240, 245, 246, 0, 0, 0, 0, 0, 0, 0, 0, 0,
AQR
17, 13, 65, 79, 110, 173, 179, 180, 187, 203, 236, 55, 68, 69, 179, 180, 196, 197, 0, 0, 0, 0, 0, 0, 0, 0, 0, 0, 91, 92, 91, 97, 99, 92, 91,
AS01
11, 28, 54, 56, 59, 60, 88, 97, 172, 268, 269, 294, 3, 2, 2, 3, 6, 13, 28, 1, 13, 1, -1,
AS10
9, 53, 55, 56, 57, 58, 61, 103, 263, 54, 5, 2, 1, 1, 2, -1, 2, 6, 91,
AS11
8, 53, 54, 57, 58, 96, 103, 163, 263, 8, 10, 4, 3, 1, 2, 0, 6,
AS02
9, 53, 54, 60, 89, 97, 172, 268, 269, 270, 2, -3, 4, 1, 4, 1, 1, 10, 1,
AS03
5, 56, 60, 98, 269, 270, 3, 1, 3, 3, 4,
AS04
9, 53, 54, 55, 56, 57, 90, 98, 99, 270, -2, -2, -1, -1, 2, 2, 2, 2, 11,
AS05
7, 34, 53, 54, 55, 99, 116, 270, 3, 6, 1, 2, 1, 2, 3,
AS06
4, 54, 100, 271, 261, 2, 2, 5, 3,
AS07
6, 53, 54, 101, 271, 261, 262, 6, -6, 3, 3, 6, 2,
AS08
6, 53, 54, 101, 102, 262, 263, -6, -10, 2, 2, 10, 2,
AS09
5, 53, 54, 102, 262, 263, 11, 10, 1, 1, 8,
ASEL
13, 6, 8, 9, 10, 16, 17, 19, 20, 40, 46, 72, 74, 77, 0, 0, 0, 0, 0, 0, 0, 0, 0, 0, 0, 0, 0,
ASER
21, 6, 7, 8, 9, 10, 11, 17, 18, 19, 21, 39, 42, 45, 46, 49, 50, 73, 75, 76, 77, 182, 0, 0, 0, 0, 0, 0, 0, 0, 0, 0, 0, 0, 0, 0, 0, 0, 0, 0, 0, 0, 0,
ASGL
8, 6, 10, 14, 17, 45, 72, 205, 17, 0, 0, 0, 0, 0, 0, 0, 91,
ASGR
12, 11, 15, 16, 19, 46, 50, 73, 75, 76, 77, 87, 16, 0, 0, 0, 0, 0, 0, 0, 0, 0, 0, 0, 91,
ASHL
14, 6, 10, 12, 72, 74, 115, 116, 203, 219, 254, 0, 20, 191, 219, 0, 0, 0, 0, 0, 0, 0, 0, 0, 0, 91, 91, 92, 91,
ASHR
24, 1, 5, 7, 12, 40, 44, 46, 62, 64, 66, 75, 77, 115, 172, 180, 195, 203, 220, 1, 21, 43, 50, 192, 220, 0, 0, 0, 0, 0, 0, 0, -1, 0, -1, 0, 0, 0, 0, 0, 0, 0, 0, 91, 91, 91, 91, 92, 91,
ASIL
6, 16, 73, 76, 77, 254, 10, 0, 0, 0, 0, 0, 92,
ASIR
6, 3, 11, 77, 226, 11, 45, 0, 0, 0, 0, 92, 91,
ASJL
7, 10, 14, 39, 49, 181, 182, 205, 0, 0, 0, 0, 0, 0, 0,
ASJR
5, 15, 22, 47, 115, 47, 0, 0, 0, 0, 91,
ASKL
11, 10, 14, 40, 41, 43, 45, 47, 115, 181, 50, 181, 0, 0, 0, 0, 0, 0, 0, 0, 0, 91, 95,
ASKR
6, 15, 47, 48, 65, 115, 182, 0, 0, 0, 0, 0, 0,
AUAL
9, 4, 13, 17, 110, 131, 189, 203, 254, 74, 0, 1, 0, 0, 0, 0, 0, 0, 91,
AUAR
12, 5, 16, 17, 73, 78, 110, 188, 190, 198, 255, 51, 75, 0, 0, 0, 0, 2, 0, 2, 0, 0, 0, 91, 91,
AVAL
68, 0, 2, 3, 6, 12, 26, 27, 43, 51, 54, 55, 56, 57, 58, 59, 60, 62, 63, 65, 67, 76, 79, 81, 110, 112, 113, 114, 136, 137, 138, 155, 163, 164, 165, 171, 172, 173, 174, 175, 177, 178, 179, 180, 187, 189, 191, 192, 199, 200, 219, 220, 223, 224, 225, 230, 231, 233, 241, 254, 259, 264, 263, 298, 29, 54, 66, 113, 256, 3, 0, 0, 9, 5, 6, 4, 15, 11, -7, 9, 10, 37, 41, 17, 14, -1, 3, 0, -4, 1, 4, 0, 6, 14, 33, 23, 1, 27, 13, 1, 48, 35, 5, 23, -5, -10, 13, 9, 6, 5, 4, 1, 2, 5, 0, 0, 5, 9, 0, 0, 17, 1, 56, 6, 8, 1, 1, 1, 2, 1, 3, -1, 91, 95, 92, 91, 91,
AVAR
58, 0, 1, 2, 3, 6, 7, 13, 15, 22, 27, 43, 44, 52, 53, 55, 56, 57, 58, 59, 60, 63, 64, 66, 67, 78, 110, 112, 113, 114, 137, 138, 163, 164, 171, 172, 173, 174, 175, 179, 180, 186, 188, 190, 191, 192, 199, 212, 221, 224, 226, 230, 247, 255, 266, 268, 297, 291, 293, 7, 8, 0, 0, 5, 8, 2, 1, -3, 6, 1, 10, 3, 12, 14, 14, 37, -52, 3, 33, 3, 0, -1, -5, 3, 2, 16, 48, 10, 23, 31, 33, 38, 26, 7, 5, 29, 30, 3, -5, 0, 2, 6, 0, 0, 2, 1, 1, 26, 39, 8, 1, -2, 1, 1, -1, -2, -2,
AVBL
49, 0, 1, 6, 7, 12, 27, 43, 53, 54, 56, 58, 61, 62, 63, 64, 65, 66, 67, 68, 71, 74, 110, 112, 113, 114, 172, 173, 179, 180, 183, 190, 194, 195, 199, 200, 220, 226, 230, 231, 252, 254, 255, 257, 259, 285, 56, 189, 190, 193, 5, 8, 12, 3, 21, 7, 14, -2, 3, 2, 1, -4, -6, 5, 0, 0, -5, -10, 0, 13, 2, 1, 1, 22, 30, 7, 21, 13, 8, 17, 2, 26, 1, 9, 9, 0, 1, 1, 23, 1, 4, 2, 1, 5, 1, 93, 91, 91, 91,
AVBR
51, 0, 1, 7, 13, 27, 44, 54, 55, 61, 62, 63, 64, 65, 66, 67, 71, 75, 81, 110, 113, 114, 116, 131, 172, 173, 177, 178, 179, 180, 182, 183, 189, 194, 195, 199, 200, 202, 219, 220, 223, 230, 231, 242, 253, 255, 258, 286, 189, 190, 193, 290, 21, 15, 7, 13, 12, 6, 4, -6, -1, -6, 3, 0, 0, -6, -2, 9, 2, 0, 1, 22, 11, 1, 2, 27, 14, 2, 1, 12, 11, 1, 17, 1, 1, 35, 11, 12, 0, 0, 0, 1, 2, 19, 1, 1, 3, 1, 1, 91, 91, 92, 91,
AVDL
42, 0, 1, 2, 6, 7, 14, 27, 43, 44, 53, 54, 56, 58, 59, 60, 63, 64, 66, 67, 71, 113, 114, 137, 138, 163, 164, 171, 172, 173, 174, 175, 177, 178, 197, 220, 230, 253, 266, 1, 71, 113, 114, 1, 2, 0, 4, 26, 1, 3, 7, 27, 3, 3, 4, 0, 0, 0, 0, 0, 1, 1, 1, 30, 25, 27, 5, 6, 7, 15, 0, 0, 1, 1, 0, 0, 1, 0, 0, 0, 0, 92, 92, 91, 91,
AVDR
47, 0, 1, 3, 6, 7, 15, 22, 23, 27, 43, 44, 51, 53, 54, 55, 57, 60, 63, 65, 67, 71, 110, 113, 114, 116, 137, 138, 155, 161, 162, 163, 164, 171, 172, 173, 174, 177, 178, 179, 186, 189, 254, 258, 0, 6, 66, 114, 2, 3, 0, 15, 3, 2, 1, 3, 2, 20, 2, 2, 2, 6, 3, 0, 0, 0, 0, 7, 1, 0, 34, 8, 0, 6, 14, 1, 2, 2, 1, 5, 20, 0, 0, 1, 0, 0, 0, 0, 4, 0, 2, 92, 91, 92, 91,
AVEL
46, 0, 1, 2, 12, 13, 20, 21, 22, 23, 51, 53, 57, 60, 66, 68, 70, 78, 79, 85, 87, 110, 114, 128, 133, 152, 172, 173, 178, 189, 190, 196, 203, 204, 219, 230, 244, 254, 256, 257, 258, 259, 275, 294, 199, 200, 216, 3, 1, 0, 1, 4, 3, 28, -8, 3, 9, -1, -5, -3, -1, 0, -3, 2, 8, 0, 0, -19, 21, 2, -2, 39, -2, -6, -5, -9, -6, 7, -4, -17, 0, -1, -1, -9, 1, 5, 8, 26, -1, -1, 92, 93, 91,
AVER
48, 3, 20, 21, 22, 44, 52, 53, 54, 55, 56, 58, 63, 67, 68, 78, 84, 86, 110, 114, 116, 127, 128, 134, 151, 172, 173, 189, 190, 196, 197, 199, 204, 207, 211, 220, 244, 245, 247, 250, 255, 256, 257, 258, 266, 59, 199, 200, 216, 0, 26, 1, -4, 7, 13, -2, -3, -1, -2, -2, -1, -3, 0, 7, 0, 0, -17, 7, -1, 5, 5, -2, 53, -7, -6, -14, -4, 1, 4, 5, -18, -1, -2, 0, -1, -1, -1, -1, -2, 9, 2, 23, -1, 91, 93, 92, 91,
AVFL
18, 14, 15, 43, 62, 63, 64, 65, 115, 116, 161, 174, 195, 242, 283, 287, 64, 65, 182, 0, 0, 0, -7, 0, 0, 0, 0, 0, 0, 0, 0, 0, 0, 0, 92, 93, 91,
AVFR
14, 14, 15, 61, 64, 65, 115, 116, 182, 219, 232, 287, 61, 64, 65, 0, 0, -12, 0, 0, 0, 0, 0, 0, 0, 0, 99, 92, 91,
AVG
15, 61, 62, 63, 161, 162, 163, 171, 172, 174, 177, 180, 277, 288, 194, 195, 0, 0, 2, 11, 9, 1, 1, 2, 8, 2, 1, 1, 1, 91, 91,
AVHL
17, 2, 5, 14, 44, 61, 62, 65, 66, 71, 80, 81, 116, 161, 171, 173, 180, 243, 0, 0, 2, 1, -4, -3, 0, -3, 3, 0, 0, 0, 4, 1, 0, 0, 0,
AVHR
18, 14, 15, 43, 61, 62, 64, 74, 116, 161, 162, 165, 166, 179, 181, 194, 242, 286, 64, 1, 2, 2, -1, -3, 0, 0, 0, 1, 1, 1, 2, 0, 1, 0, 0, 0, 91,
AVJL
28, 1, 6, 7, 14, 27, 56, 57, 61, 62, 63, 64, 67, 81, 114, 115, 116, 137, 172, 177, 178, 180, 183, 195, 200, 220, 285, 67, 204, 13, 3, 2, 1, 3, 0, 0, 0, 0, 0, 0, 0, 0, 2, 0, 0, 4, 0, 0, 0, 0, 11, 0, 4, 0, 0, 94, 91,
AVJR
26, 0, 3, 6, 7, 15, 55, 58, 63, 64, 65, 66, 71, 80, 114, 137, 138, 171, 172, 177, 178, 183, 194, 195, 242, 254, 258, 11, 0, 9, 3, 1, 0, 0, 0, 0, 0, 0, 1, 0, 2, 1, 4, 1, 0, 0, 0, 5, 0, 0, 0, 0, 1,
AVKL
19, 69, 71, 112, 176, 183, 184, 197, 200, 204, 217, 218, 69, 184, 191, 192, 196, 240, 241, 273, 0, 1, 2, 15, 1, 0, 21, 1, 0, 0, 0, 92, 92, 91, 91, 91, 91, 91, 91,
AVKR
16, 20, 70, 184, 192, 196, 197, 199, 204, 209, 210, 217, 218, 191, 197, 240, 241, 4, 0, 0, 0, 17, 5, 1, 0, 0, 0, 0, 0, 91, 91, 91, 92,
AVL
16, 2, 55, 61, 111, 129, 173, 177, 178, 180, 182, 184, 204, 259, 283, 285, 288, 0, 0, 0, 0, -1, 0, 0, 0, 0, -2, 0, 0, -5, 0, 0, 0,
AVM
5, 67, 68, 176, 23, 24, -1, 0, 0, 91, 91,
AWAL
6, 6, 18, 74, 181, 10, 73, 0, 0, 0, 0, 91, 91,
AWAR
12, 5, 11, 19, 21, 40, 44, 45, 46, 50, 115, 182, 11, 0, 0, 0, 0, 0, 0, 0, 0, 0, 0, 0, 91,
AWBL
10, 4, 6, 8, 39, 44, 65, 72, 115, 116, 75, 0, 0, 0, 0, 0, 0, 0, 0, 0, 91,
AWBR
8, 5, 19, 64, 73, 115, 195, 203, 255, 0, 0, 0, 0, 0, 0, 0, 0,
AWCL
12, 6, 10, 11, 17, 18, 39, 40, 45, 46, 74, 77, 257, 0, 0, 0, 0, 0, 0, 0, 0, 0, 0, 0, 0,
AWCR
14, 4, 5, 7, 10, 11, 13, 18, 20, 21, 39, 40, 45, 46, 76, 0, 0, 0, 0, 0, 0, 0, 0, 0, 0, 0, 0, 0, 0,
BAGL
11, 5, 16, 27, 52, 79, 190, 197, 198, 217, 79, 197, 0, 0, 0, 0, 0, 0, 0, 0, 0, 91, 91,
BAGR
12, 17, 19, 27, 51, 78, 135, 187, 189, 196, 198, 203, 254, 0, 0, 0, 0, 0, 0, 0, 0, 0, 0, 0, 0,
BDUL
7, 2, 23, 69, 71, 177, 178, 167, 0, 15, 0, 3, 0, 0, 91,
BDUR
7, 15, 24, 64, 71, 85, 116, 177, 2, 14, 0, 5, 0, 0, 0,
CANL
0, CANR
0, CEPDL
21, 2, 14, 17, 23, 47, 60, 151, 153, 178, 187, 191, 192, 198, 204, 211, 219, 233, 236, 252, 254, 198, 0, 0, 0, 0, 0, 0, 0, 0, 0, 0, 0, 0, 0, -4, 0, 0, 0, 0, 0, 0, 91,
CEPDR
12, 3, 24, 84, 85, 87, 132, 152, 192, 253, 255, 257, 198, 0, 0, 0, 0, 0, 0, 0, 0, 0, 0, 0, 91,
CEPVL
13, 23, 151, 188, 189, 191, 198, 204, 207, 209, 222, 247, 250, 258, 0, 0, 0, -5, 0, 0, -7, 0, 0, 0, -1, 0, 0,
CEPVR
20, 3, 7, 15, 16, 24, 45, 46, 50, 78, 81, 152, 183, 188, 195, 198, 204, 243, 246, 253, 259, 0, 0, 0, 0, 0, 0, 0, 0, 0, 0, 0, 0, 0, 0, 0, -4, 0, -1, 0, 0,
DA01
9, 28, 53, 54, 57, 58, 59, 60, 71, 97, 8, -6, 2, 4, 5, 11, 11, 0, 16,
DA02
13, 53, 54, 57, 58, 59, 60, 97, 98, 104, 110, 173, 193, 260, 10, 9, 2, 5, 5, 7, 2, 3, 3, 1, 1, 0, 1,
DA03
12, 32, 33, 53, 54, 56, 57, 58, 59, 60, 89, 98, 105, 1, 2, 12, 8, 3, 9, 3, 6, 3, 1, 12, 2,
DA04
10, 53, 54, 56, 57, 58, 90, 92, 98, 99, 173, -12, 9, 1, 3, 2, 2, 1, 1, 4, 1,
DA05
14, 35, 53, 54, 55, 57, 58, 93, 99, 100, 106, 116, 172, 173, 183, 1, 14, 9, -1, 1, 3, 1, 1, 3, 1, 2, 1, 2, 0,
DA06
5, 54, 94, 101, 116, 193, -4, 1, 3, 1, 0,
DA07
7, 53, 54, 55, 56, 95, 101, 173, -4, 6, 1, -1, 1, 12, 1,
DA08
16, 53, 54, 57, 58, 63, 96, 101, 102, 111, 161, 162, 163, 171, 172, 181, 263, 5, -20, 2, 1, 1, 1, 1, 4, -10, 3, 2, 1, 1, 2, 1, 9,
DA09
9, 53, 54, 102, 103, 157, 165, 166, 183, 263, 3, 3, 1, 3, 1, 1, -23, 2, 17,
DB01
6, 28, 31, 58, 88, 89, 193, 3, 1, 1, 1, 1, 0,
DB02
7, 33, 54, 91, 110, 172, 173, 183, 2, 2, 2, 2, 4, 4, 2,
DB03
9, 54, 59, 60, 90, 110, 172, 173, 178, 183, -2, 1, 1, 2, 3, 2, 6, 1, 3,
DB04
9, 35, 56, 58, 92, 110, 172, 173, 183, 284, 1, 1, 1, 1, 1, 6, 6, 1, 1,
DB05
1, 93, 1,
DB06
1, 94, 1,
DB07
8, 53, 95, 96, 110, 171, 172, 183, 263, -2, 1, 1, 1, 2, 5, 2, 10,
DD01
25, 28, 31, 33, 64, 70, 88, 89, 97, 98, 113, 177, 182, 193, 225, 260, 264, 265, 272, 275, 283, 284, 285, 289, 294, 295, 2, 3, 2, 0, 0, 12, 7, 31, 3, 0, 5, 0, 0, 1, 12, 20, 18, 1, 30, 6, 6, 1, 0, 0, 0,
DD02
17, 33, 90, 91, 98, 99, 178, 180, 193, 265, 266, 267, 275, 276, 277, 283, 284, 285, 4, 3, 4, 16, 3, 1, 1, 0, 10, 17, 6, 1, 36, 7, 8, 4, 3,
DD03
12, 92, 93, 99, 100, 267, 268, 269, 277, 278, 283, 284, 285, 12, 7, 14, 9, 17, 21, 3, 13, 34, 8, 8, 5,
DD04
7, 94, 95, 100, 269, 270, 271, 279, 3, 4, 2, 17, 9, 6, 32,
DD05
10, 95, 99, 100, 174, 270, 271, 261, 280, 281, 282, 4, 14, 9, 0, 9, 6, 9, 29, 10, 10,
DD06
21, 30, 70, 96, 100, 111, 157, 158, 181, 182, 271, 261, 262, 263, 281, 282, 273, 274, 288, 291, 292, 293, 6, 0, 4, 2, 0, 3, 2, 0, 0, 6, 9, 19, 2, 19, 19, 19, 19, 2, 0, 0, 0,
DVA
29, 13, 20, 21, 27, 51, 55, 65, 68, 96, 113, 114, 159, 160, 161, 162, 165, 166, 172, 173, 175, 176, 183, 196, 197, 203, 230, 231, 55, 56, 1, 1, 3, 6, 2, 2, 0, 0, 1, 1, 6, 0, 0, 2, 6, 12, 22, 4, 3, 5, 3, 2, 1, 4, 9, 1, 10, 91, 91,
DVB
3, 61, 70, 70, 0, 0, 91,
DVC
18, 57, 58, 63, 70, 111, 135, 180, 184, 189, 197, 217, 218, 250, 283, 284, 287, 70, 290, 2, 4, 2, 0, 0, 1, 3, 0, 1, 2, 1, 2, 1, 1, 3, 3, 99, 94,
FLPL
9, 2, 3, 12, 114, 173, 193, 230, 114, 198, 0, 0, 1, 14, 2, 0, 2, 92, 91,
FLPR
5, 3, 67, 88, 97, 113, 0, -2, 2, 1, 2,
HSNL
16, 15, 43, 44, 47, 50, 61, 62, 74, 75, 80, 115, 116, 181, 195, 203, 287, 3, 2, 4, 1, 1, -2, -4, 1, 2, 0, 1, 1, 3, 2, 1, 1,
HSNR
20, 15, 18, 44, 47, 48, 56, 61, 62, 70, 75, 81, 115, 178, 180, 181, 195, 254, 285, 287, 115, 3, 1, 5, 1, 1, 1, -3, -3, -2, 2, 0, 5, 1, 2, 6, 3, 1, 1, 3, 91,
I1L
10, 119, 121, 123, 148, 118, 119, 120, 123, 148, 202, -2, 0, 2, 1, 91, 91, 91, 91, 91, 91,
I1R
5, 120, 124, 119, 120, 148, 1, 0, 91, 91, 91,
I2L
6, 117, 120, 123, 124, 139, 150, 0, 3, 3, 0, 0, 0,
I2R
7, 118, 119, 122, 123, 124, 139, 150, 0, 3, 0, 1, 0, 0, 0,
I3
11, 117, 118, 123, 124, 139, 140, 148, 139, 140, 141, 148, 0, 0, 1, 0, 0, 0, 2, 91, 91, 91, 91,
I4
10, 119, 120, 123, 139, 140, 141, 144, 148, 149, 150, 0, 0, 0, 0, 0, 0, 0, 0, 0, 0,
I5
13, 117, 118, 119, 120, 121, 122, 139, 140, 141, 144, 118, 145, 148, 2, 2, 0, 0, 2, 0, 2, 2, 3, 1, 91, 92, 92,
I6
5, 117, 121, 150, 144, 145, 0, 0, 0, 91, 92,
IL1DL
6, 84, 131, 226, 248, 254, 256, 0, 17, 12, 4, 2, 0,
IL1DR
15, 85, 126, 132, 152, 154, 183, 207, 212, 249, 253, 257, 125, 128, 152, 216, 0, 0, 28, 0, 0, 0, 2, 1, 3, 2, 0, 91, 91, 91, 91,
IL1L
11, 2, 129, 133, 209, 210, 212, 215, 250, 252, 125, 129, 0, 0, 6, 1, 2, 1, 0, 3, 10, 91, 91,
IL1R
13, 3, 85, 126, 130, 134, 188, 207, 209, 211, 214, 221, 251, 253, 0, 0, 0, 0, 2, 0, 9, 1, 2, 0, 2, 2, 5,
IL1VL
8, 86, 129, 135, 151, 183, 250, 258, 213, 0, 0, 27, 0, 0, 6, 0, 91,
IL1VR
11, 87, 136, 152, 156, 183, 233, 251, 259, 128, 129, 134, 0, 29, 0, 0, 0, 1, 9, 0, 91, 91, 91,
IL2DL
3, 84, 125, 131, 0, 0, 0,
IL2DR
4, 12, 26, 126, 220, 0, 0, 0, 0,
IL2L
9, 2, 77, 127, 135, 155, 198, 234, 246, 254, 0, 0, 0, 0, 0, 0, 0, -1, 0,
IL2R
6, 3, 39, 152, 198, 220, 253, 0, 0, 0, 0, 0, 0,
IL2VL
1, 198, 0,
IL2VR
5, 87, 130, 198, 211, 251, 0, 0, 0, 0, 0,
LUAL
10, 53, 54, 57, 58, 165, 177, 263, 53, 167, 183, -6, -4, 0, 0, 2, 0, 0, 91, 91, 91,
LUAR
8, 53, 54, 166, 171, 173, 186, 168, 183, -2, -16, 6, 3, 0, 0, 91, 91,
M1
9, 118, 119, 120, 121, 123, 148, 119, 120, 122, 0, 1, 3, 0, 3, 7, 92, 92, 91,
M2L
8, 117, 118, 121, 122, 123, 144, 148, 141, 0, 0, 0, 0, -4, 0, -3, 91,
M2R
3, 118, 120, 148, 0, -2, -2,
M3L
15, 117, 118, 121, 122, 123, 124, 140, 141, 144, 148, 149, 141, 143, 146, 148, 0, 0, 0, 0, 4, 0, 0, 0, 0, 2, 0, 91, 91, 91, 91,
M3R
11, 117, 118, 120, 121, 122, 123, 140, 141, 149, 150, 141, 0, 0, 2, 0, 0, 2, 0, 0, 0, 0, 91,
M4
11, 120, 121, 123, 124, 143, 144, 149, 140, 141, 144, 145, 3, 0, 19, 0, 2, 0, 0, 91, 91, 96, 91,
M5
3, 140, 141, 145, 92, 92, 94,
MCL
10, 117, 118, 120, 121, 144, 148, 140, 141, 143, 148, 0, 0, 1, 0, 0, 3, 92, 92, 91, 92,
MCR
8, 117, 118, 121, 140, 141, 142, 143, 148, 0, 0, 0, 92, 92, 91, 91, 92,
MI
11, 117, 118, 121, 122, 123, 139, 122, 139, 140, 141, 143, 0, 0, 0, 0, 4, 0, 91, 91, 92, 92, 91,
NSML
10, 117, 118, 119, 120, 122, 123, 124, 139, 142, 148, 0, 0, 14, 34, 0, 1, 0, 0, 1, 1,
NSMR
10, 118, 119, 120, 121, 122, 123, 124, 141, 148, 149, 0, 24, 7, 0, 0, 5, 0, 0, 2, 0,
OLLL
12, 2, 60, 84, 86, 127, 151, 209, 224, 252, 256, 258, 125, 0, -1, 0, 0, 0, 0, -1, -3, -1, 0, 0, 91,
OLLR
21, 3, 7, 39, 85, 87, 126, 128, 130, 134, 152, 190, 204, 209, 210, 214, 220, 223, 225, 253, 258, 151, 0, 0, 0, 0, 0, 0, 0, 0, -5, 0, -1, -5, -3, -2, -1, 0, -4, -1, -1, 0, 92,
OLQDL
7, 84, 131, 133, 198, 256, 84, 189, 0, 0, 0, 0, 0, 91, 92,
OLQDR
14, 15, 85, 132, 134, 152, 198, 201, 202, 253, 257, 85, 190, 198, 253, 0, 0, 0, 0, 0, 0, 0, 0, 0, 0, 92, 92, 91, 91,
OLQVL
16, 6, 79, 86, 129, 133, 135, 191, 196, 198, 201, 212, 254, 258, 6, 86, 189, 0, 0, 0, 0, 0, 0, 0, 0, 0, 0, 0, 0, 0, 91, 91, 91,
OLQVR
17, 5, 7, 75, 87, 130, 134, 136, 197, 198, 202, 211, 239, 255, 87, 190, 208, 253, 0, 0, 0, 0, 0, 0, 0, 0, 0, 0, 0, 0, 0, 91, 91, 91, 91,
PDA
1, 111, 2,
PDB
3, 138, 30, 193, 0, 92, 92,
PDEL
1, 160, 0,
PDER
5, 110, 172, 173, 159, 176, -1, -1, -1, 93, 91,
PHAL
2, 63, 162, -3, 0,
PHAR
3, 161, 166, 161, 0, 0, 92,
PHBL
6, 137, 161, 162, 164, 171, 164, 0, 0, 0, 0, 0, 93,
PHBR
4, 161, 162, 163, 64, 0, 0, 0, 91,
PHCL
5, 111, 166, 166, 167, 263, 0, 0, 91, 91, 91,
PHCR
3, 164, 165, 263, 0, 0, 0,
PLML
0, PLMR
1, 81, 91,
PLNL
7, 224, 234, 239, 242, 243, 246, 247, 0, 0, 0, 0, 0, -6, -6,
PLNR
3, 235, 242, 243, 0, 0, 0,
PQR
4, 58, 138, 177, 178, 0, 0, 0, 0,
PVCL
40, 7, 23, 27, 44, 53, 54, 57, 59, 63, 66, 67, 71, 81, 110, 114, 163, 164, 165, 171, 172, 173, 174, 175, 176, 177, 179, 180, 183, 185, 195, 230, 263, 284, 53, 66, 67, 110, 167, 173, 273, 3, 11, 1, 3, 21, 20, 1, 1, 1, -5, -5, 10, 0, 4, 2, 71, 39, 7, 1, 1, 4, 13, 29, 1, 5, 3, 6, 4, 0, 1, 1, 3, 1, 92, 91, 91, 91, 91, 95, 91,
PVCR
39, 23, 24, 27, 53, 54, 55, 58, 59, 62, 63, 66, 67, 71, 110, 113, 138, 164, 166, 171, 172, 174, 175, 176, 178, 179, 180, 185, 195, 263, 274, 293, 53, 54, 66, 159, 166, 168, 185, 186, 4, 10, 4, 16, 20, 2, 2, 2, -1, 2, -1, -7, 17, 1, 6, 9, 21, 25, 1, 10, 36, 29, 2, 2, 9, 13, 0, 1, 4, 1, -1, 95, 93, 93, 91, 91, 91, 92, 91,
PVDL
5, 62, 173, 175, 177, 179, -1, 2, 2, 1, 1,
PVDR
4, 112, 173, 174, 178, -1, 1, 10, 5,
PVM
3, 183, 70, 159, 0, 91, 91,
PVNL
12, 53, 61, 63, 71, 80, 81, 137, 138, 163, 171, 56, 182, 1, 0, 2, 4, 0, 0, 1, 1, 1, 2, 92, 91,
PVNR
17, 15, 55, 63, 66, 71, 80, 81, 116, 157, 177, 178, 262, 279, 285, 288, 298, 116, 1, 3, 4, 0, 3, 0, 0, 2, 1, 9, 1, 1, 1, 1, 2, 0, 91,
PVPL
23, 0, 27, 65, 69, 111, 112, 162, 174, 181, 194, 196, 203, 219, 236, 242, 53, 68, 69, 112, 162, 171, 184, 293, 0, 0, 0, 0, 0, 0, 0, 0, 0, 0, 0, 0, 0, 0, 0, 91, 91, 96, 92, 93, 94, 91, 92,
PVPR
20, 5, 27, 44, 55, 62, 64, 70, 110, 116, 171, 173, 177, 195, 203, 283, 284, 285, 68, 112, 179, 0, 0, 0, 0, 0, 0, 0, 0, 0, 0, 0, 0, 0, 0, 0, 0, 0, 91, 99, 91,
PVQL
9, 10, 14, 47, 61, 62, 69, 115, 161, 162, 1, 1, 34, -1, -2, 0, 1, 3, 4,
PVQR
13, 48, 63, 64, 116, 162, 165, 166, 180, 284, 285, 1, 50, 181, 19, 2, 0, 1, 1, 2, 4, 1, 1, 2, 91, 94, 92,
PVR
18, 1, 71, 86, 110, 126, 138, 160, 173, 176, 178, 183, 243, 246, 252, 287, 23, 110, 168, 0, 0, 0, 0, 0, 0, 0, 0, 0, 0, 0, 0, -1, 0, 0, 91, 92, 92,
PVT
19, 59, 63, 112, 116, 162, 177, 178, 185, 197, 217, 251, 273, 283, 284, 285, 287, 291, 189, 190, 1, 2, 0, 1, 0, 6, 3, 0, 0, 3, 3, 1, 4, 6, 5, 1, 1, 91, 91,
PVWL
7, 70, 137, 138, 177, 178, 274, 293, -1, 0, 0, 0, 0, 0, -1,
PVWR
6, 138, 173, 177, 178, 185, 274, 0, 0, 0, 0, 0, 0,
RIAL
36, 2, 4, 6, 13, 18, 20, 25, 27, 43, 45, 51, 53, 74, 76, 77, 79, 86, 87, 110, 135, 188, 189, 198, 199, 203, 205, 206, 207, 209, 210, 244, 245, 246, 247, 254, 258, 0, -46, -1, 2, -51, -29, -1, -8, -9, 0, 21, -3, -10, 6, 3, 18, 0, 0, -3, -4, 38, -6, -34, 3, -11, -5, -6, -1, -20, -14, -9, -5, -19, -24, -15, 2,
RIAR
36, 3, 5, 19, 21, 22, 27, 39, 44, 52, 75, 78, 87, 110, 136, 156, 180, 187, 188, 190, 195, 197, 198, 203, 205, 206, 209, 210, 212, 226, 243, 244, 245, 246, 247, 255, 259, 0, -61, -50, 25, 0, 4, 2, 3, 22, -3, -18, 0, -4, -2, 10, -2, 23, -3, -8, -1, 3, -36, -4, -2, -2, -22, -21, -1, -1, -1, -14, -3, -31, -16, -20, 2,
RIBL
25, 4, 13, 16, 17, 18, 45, 51, 79, 84, 86, 112, 131, 151, 187, 196, 198, 199, 204, 213, 245, 250, 256, 258, 189, 190, 4, -11, 2, 8, 42, 0, -35, 22, 0, 0, 2, 1, 24, 2, 3, 18, 9, 0, 0, 1, 1, 8, -9, 91, 93,
RIBR
22, 12, 16, 19, 52, 78, 79, 112, 152, 188, 197, 198, 200, 204, 209, 213, 216, 217, 246, 257, 258, 259, 190, 16, 3, 60, 31, 19, 1, 6, -21, 1, 2, 15, 4, 0, 1, 0, 0, 1, 1, 1, 3, -19, 91,
RICL
18, 0, 7, 23, 84, 85, 86, 87, 132, 133, 154, 155, 192, 221, 239, 252, 253, 254, 75, 3, 1, 2, 0, 0, 0, 0, 0, 0, 2, 4, 0, 0, 0, 0, 0, 0, 91,
RICR
21, 0, 7, 13, 20, 23, 84, 85, 86, 87, 132, 153, 154, 156, 191, 199, 221, 230, 231, 252, 253, 255, 1, 5, 1, 11, 3, 0, 0, 0, 0, 0, 6, 2, 3, 0, 1, 0, 0, 0, 0, 0, 0,
RID
15, 0, 14, 16, 17, 31, 67, 71, 78, 97, 172, 173, 219, 221, 258, 193, 0, 2, 2, 2, 2, 2, 0, 0, 1, 12, 19, 0, 1, 0, 91,
RIFL
10, 2, 10, 12, 14, 23, 61, 80, 115, 195, 219, 0, 0, 1, 2, 2, 0, 0, 0, 0, 0,
RIFR
15, 1, 7, 11, 15, 42, 50, 61, 64, 66, 73, 75, 85, 116, 182, 255, 1, 2, 0, 3, 14, 1, 0, 0, 0, 0, 0, 0, 0, 4, 0,
RIGL
28, 2, 3, 4, 6, 13, 20, 27, 54, 65, 69, 74, 78, 79, 112, 179, 184, 189, 203, 223, 254, 79, 151, 153, 155, 189, 214, 256, 258, 0, 0, 4, 1, 1, 4, 1, -1, 0, 0, -2, 3, 10, 16, 3, 0, 1, -2, -1, 6, 91, 91, 91, 91, 91, 91, 91, 91,
RIGR
22, 2, 3, 4, 5, 12, 73, 78, 112, 180, 184, 190, 203, 220, 228, 255, 152, 154, 156, 190, 196, 257, 259, 0, 0, 1, 24, 5, 0, 7, 13, 2, 0, 5, 4, 0, 1, 7, 91, 91, 91, 91, 93, 91, 91,
RIH
26, 2, 5, 18, 84, 85, 131, 133, 134, 135, 136, 153, 154, 156, 184, 190, 196, 201, 202, 216, 218, 240, 248, 251, 258, 86, 87, 0, -2, -1, 0, 0, -2, -25, -19, -5, -5, 3, 2, 18, 0, -2, 2, 0, 0, 0, -1, -2, -3, -1, 2, 91, 91,
RIML
29, 0, 12, 13, 20, 26, 43, 68, 69, 115, 116, 187, 189, 191, 192, 194, 199, 200, 204, 209, 223, 224, 225, 226, 244, 247, 272, 18, 54, 204, 9, -1, 47, 35, -5, 4, 0, 0, 4, -1, -2, 1, 0, 0, 7, 11, -4, 0, 3, 11, 14, 5, -12, 2, 1, 10, 91, 92, 91,
RIMR
29, 1, 12, 13, 21, 60, 64, 68, 69, 70, 110, 116, 187, 191, 192, 195, 199, 204, 210, 217, 223, 224, 225, 226, 244, 245, 19, 53, 54, 204, 15, -56, 5, 34, 1, 0, 0, 0, 0, 5, -1, 2, 0, 0, 10, 2, 0, 1, 2, 16, 23, 33, 7, 1, -3, 91, 93, 91, 91,
RIPL
18, 0, 6, 43, 84, 86, 125, 129, 131, 132, 135, 183, 198, 201, 226, 248, 250, 118, 213, 0, 0, 0, 0, 0, 0, 0, 0, 0, 0, 0, 0, 0, 0, 0, 0, 91, 91,
RIPR
18, 1, 7, 78, 87, 126, 130, 132, 136, 156, 183, 195, 198, 214, 230, 249, 251, 255, 213, 0, 0, 0, 0, 0, 0, 0, 0, 0, 0, 0, 0, 0, 0, 0, 0, 0, 91,
RIR
23, 4, 5, 6, 10, 18, 27, 39, 43, 64, 65, 73, 75, 110, 115, 179, 187, 196, 197, 220, 254, 255, 78, 79, 0, 0, 1, 0, 0, 1, 1, 4, 0, 0, 0, 0, 0, 0, 0, 3, 8, 5, 0, 0, 0, 91, 91,
RIS
19, 66, 70, 84, 113, 152, 172, 184, 189, 190, 200, 204, 209, 210, 216, 217, 230, 244, 245, 258, -1, -1, 0, 1, -2, 0, 0, -5, -1, 2, -3, 0, 0, -1, 0, 0, -2, -3, 1,
RIVL
14, 2, 4, 68, 77, 87, 187, 188, 192, 206, 209, 241, 245, 246, 246, 0, -1, 0, 0, 0, 0, 0, 0, -8, -1, -1, -1, -6, 91,
RIVR
14, 1, 2, 19, 78, 112, 187, 188, 191, 219, 223, 244, 247, 205, 247, 0, 0, -1, 0, 0, 0, 0, 0, 0, -1, -1, -1, 92, 92,
RMDDL
28, 24, 62, 86, 126, 127, 128, 129, 151, 153, 154, 187, 188, 204, 206, 208, 210, 212, 216, 220, 221, 238, 247, 250, 255, 257, 258, 155, 244, 1, 0, 0, 11, 20, 8, 30, 22, 1, 11, 48, 48, 0, -1, -1, -6, -43, 0, 0, -2, -1, -3, -7, -2, 9, 23, 91, 91,
RMDDR
21, 23, 25, 87, 116, 125, 128, 130, 152, 153, 187, 188, 204, 209, 211, 216, 219, 246, 251, 252, 256, 259, 1, -1, 0, -1, 3, 12, 40, 26, 10, 35, 53, 0, -7, -41, 0, 0, -3, -1, -2, 15, 32,
RMDL
28, 2, 3, 68, 69, 127, 128, 133, 134, 151, 152, 187, 188, 199, 200, 204, 205, 210, 218, 219, 220, 222, 232, 235, 243, 244, 253, 259, 207, 0, 0, 0, 0, 3, 11, -5, -3, 6, 9, 26, 9, 9, 15, -10, -4, -11, -6, 0, 0, -4, -4, -1, -2, -3, -1, 2, 91,
RMDR
29, 3, 15, 22, 69, 85, 127, 128, 133, 152, 187, 188, 189, 199, 200, 204, 206, 209, 211, 217, 218, 219, 220, 221, 222, 243, 244, 245, 253, 255, 0, 1, -3, 0, 0, 9, 4, -3, 2, 17, 35, -1, 21, 12, -16, -4, -8, -2, -13, -1, 0, 0, -1, -1, -3, -1, -1, -1, -8,
RMDVL
27, 16, 84, 125, 127, 128, 130, 151, 156, 169, 187, 188, 205, 207, 208, 209, 210, 219, 251, 256, 259, 60, 153, 207, 209, 212, 225, 246, -3, 0, 3, 22, 8, 5, 3, 18, -1, 48, 57, -5, -1, -26, -2, -9, 0, -1, 18, 19, 91, 91, 91, 91, 91, 91, 91,
RMDVR
30, 85, 86, 126, 127, 128, 129, 152, 155, 187, 188, 190, 206, 207, 208, 209, 211, 212, 220, 223, 242, 250, 257, 258, 59, 60, 154, 208, 210, 226, 247, 0, 0, 32, 5, 17, 3, 6, 14, 48, 47, -1, -1, -22, -3, -3, -1, -2, 0, -1, -1, -1, 12, 17, 91, 91, 91, 91, 91, 91, 91,
RMED
16, 131, 132, 136, 152, 153, 190, 193, 213, 216, 240, 241, 244, 245, 247, 257, 216, 2, 3, 2, 1, 1, 1, 0, 0, 0, 4, 25, 7, 5, 9, 7, 92,
RMEL
13, 125, 128, 131, 132, 134, 135, 136, 151, 153, 248, 250, 251, 216, 1, 5, 11, 12, 5, 7, 8, 5, 2, 8, 8, 1, 91,
RMER
17, 2, 127, 131, 132, 133, 135, 136, 152, 154, 156, 198, 209, 215, 222, 249, 250, 251, 0, 4, 8, 11, 10, 6, 17, 3, 1, 2, 6, 3, 0, 4, 1, 3, 4,
RMEV
20, 131, 132, 133, 134, 135, 136, 184, 198, 204, 207, 214, 226, 242, 243, 244, 246, 250, 251, 125, 215, 1, 5, 5, 2, 2, 15, 0, 10, 0, 2, 0, 1, 20, 8, 1, 1, 10, 2, 91, 91,
RMFL
14, 13, 16, 45, 68, 69, 112, 184, 192, 199, 200, 224, 230, 272, 253, 1, -1, 0, 0, 0, 14, 0, 0, 2, 1, -5, -3, -10, 91,
RMFR
10, 12, 112, 184, 191, 199, 200, 209, 223, 224, 225, 6, 9, 0, 0, 2, 7, -1, -1, -1, -11,
RMGL
25, 2, 10, 14, 23, 25, 59, 62, 69, 80, 84, 86, 127, 181, 192, 196, 203, 210, 222, 224, 254, 6, 49, 74, 133, 254, 0, 0, 3, 3, 0, 0, 0, 0, 0, 0, 0, -1, 1, 0, 6, 0, 0, 0, 0, 0, 91, 91, 91, 91, 91,
RMGR
19, 3, 15, 44, 60, 85, 115, 116, 134, 182, 203, 238, 243, 253, 255, 50, 75, 134, 222, 255, 0, 4, -6, 0, 0, 0, 0, 0, 1, 0, 0, 0, 0, 0, 91, 91, 91, 91, 91,
RMHL
19, 2, 25, 84, 85, 86, 128, 129, 131, 153, 155, 197, 207, 209, 217, 219, 222, 231, 219, 239, 0, 0, 0, 0, 0, 3, 1, 0, 1, 2, 17, 0, 0, 0, 0, 0, 0, 93, 91,
RMHR
16, 2, 69, 84, 85, 86, 87, 154, 156, 196, 206, 209, 215, 219, 231, 239, 252, 0, 0, 0, 0, 0, 0, 3, 1, 23, 0, 0, 0, 0, 0, 0, 0,
SAADL
14, 12, 13, 68, 69, 80, 170, 187, 199, 206, 219, 220, 227, 242, 272, 6, 2, 0, 0, 0, 5, 1, 1, 12, 0, 0, 4, -16, 18,
SAADR
14, 2, 12, 13, 68, 110, 169, 188, 199, 205, 225, 227, 230, 243, 208, 0, 10, 2, 0, -5, 8, 1, 4, 11, 5, -4, -2, 12, 91,
SAAVL
16, 12, 16, 25, 45, 68, 110, 169, 191, 199, 200, 221, 229, 241, 264, 289, 297, 3, 3, 8, 0, 0, -3, 1, 0, 10, 11, 1, 4, 8, 1, 0, 0,
SAAVR
11, 13, 26, 54, 110, 199, 200, 217, 226, 228, 240, 244, 1, 3, -6, 1, 10, 8, -1, 1, -4, 9, 1,
SABD
14, 57, 58, 59, 60, 64, 66, 70, 110, 116, 183, 223, 224, 225, 53, 0, 0, 0, 0, 0, 1, 9, 0, 0, 2, 0, 0, 0, 94,
SABVL
10, 53, 57, 58, 59, 60, 67, 70, 226, 285, 54, -2, 0, 0, 0, 0, -3, -9, 0, 0, 93,
SABVR
10, 54, 57, 58, 59, 60, 70, 116, 225, 53, 54, -2, 0, 0, 0, 0, -6, 0, 0, 91, 91,
SDQL
6, 23, 55, 81, 231, 233, 241, 0, 1, 0, 4, 4, 18,
SDQR
9, 183, 232, 240, 53, 55, 205, 206, 230, 238, 0, 4, 18, 91, 91, 92, 92, 91, 91,
SIADL
13, 13, 24, 69, 187, 219, 220, 231, 236, 240, 244, 253, 255, 189, 0, 0, 0, 0, 0, 0, 2, -2, 19, -14, 3, 2, 91,
SIADR
15, 2, 12, 21, 25, 84, 136, 188, 219, 230, 237, 241, 245, 246, 252, 190, 0, 0, 0, 1, 0, 1, 0, 0, 2, 2, 20, -14, 1, 2, 91,
SIAVL
13, 86, 169, 188, 206, 210, 212, 219, 239, 240, 242, 247, 252, 189, 0, -10, 0, 5, 1, 2, 0, 5, 3, 1, 30, 2, 91,
SIAVR
16, 12, 68, 87, 170, 187, 205, 211, 220, 238, 239, 241, 243, 246, 253, 255, 190, 0, 0, 0, 10, 0, 5, -2, 0, 5, -1, 1, 1, 30, 3, 4, 91,
SIBDL
8, 84, 125, 153, 219, 223, 232, 244, 189, 0, 3, 9, 0, 1, 4, 14, 91,
SIBDR
14, 12, 85, 154, 209, 212, 221, 223, 231, 233, 245, 247, 253, 190, 239, 3, 0, 6, 3, -1, 1, 1, 1, 4, 14, 30, 2, 91, 91,
SIBVL
19, 7, 71, 155, 172, 206, 212, 220, 223, 230, 235, 244, 246, 252, 258, 259, 55, 56, 189, 236, 2, 4, 13, -7, 1, 1, 0, 1, 1, 2, -2, 30, 1, 1, 5, 91, 91, 91, 91,
SIBVR
15, 2, 13, 68, 84, 156, 173, 211, 219, 234, 245, 253, 258, 259, 189, 190, 0, 2, 0, 0, 18, 10, 1, 0, 2, -3, 2, 4, 4, 91, 91,
SMBDL
18, 4, 20, 26, 65, 69, 74, 85, 110, 191, 206, 226, 232, 241, 242, 244, 253, 189, 223, -1, 0, -4, 0, 0, -2, 0, -6, 0, -1, -1, -18, -3, -2, -3, -4, 91, 91,
SMBDR
23, 2, 5, 21, 23, 25, 64, 84, 110, 187, 188, 191, 192, 212, 224, 225, 230, 233, 243, 245, 252, 259, 25, 190, 0, -2, 0, 0, -7, 0, 0, -6, 0, 0, 0, 0, -1, -2, -2, -11, -17, -2, -3, -3, 0, 91, 91,
SMBVL
20, 2, 4, 6, 14, 20, 61, 65, 74, 86, 110, 169, 170, 219, 231, 234, 236, 240, 252, 272, 226, 0, -9, 0, -4, 0, 0, 0, -3, 0, -5, -10, -7, 0, -11, -2, -1, -2, -1, -3, 92,
SMBVR
20, 5, 7, 21, 44, 64, 87, 110, 169, 170, 172, 188, 209, 220, 224, 235, 253, 255, 68, 69, 225, -19, 0, 0, 0, 0, 0, -6, -13, -10, -3, 0, -2, 0, -1, -2, -1, -7, 91, 91, 93,
SMDDL
28, 13, 24, 151, 152, 187, 188, 190, 191, 192, 199, 200, 204, 206, 213, 219, 222, 226, 232, 236, 238, 240, 245, 247, 256, 257, 189, 190, 204, 17, 1, 8, 3, 22, 32, 2, 0, 0, 11, 9, -1, 6, -1, 0, 3, 17, 17, 10, -1, 7, 4, 14, 2, 11, 91, 91, 91,
SMDDR
30, 12, 21, 26, 69, 87, 151, 152, 187, 188, 191, 192, 199, 200, 204, 205, 209, 210, 213, 216, 219, 225, 233, 237, 241, 244, 246, 256, 190, 204, 208, 16, 4, 1, 0, 0, 9, 1, 33, 26, 0, 0, 14, 14, -6, 8, 1, 1, -4, -1, 0, 18, -17, 10, 4, 1, 22, 3, 91, 91, 91,
SMDVL
31, 1, 4, 13, 20, 25, 26, 76, 79, 110, 152, 170, 187, 188, 190, 192, 199, 200, 204, 205, 216, 217, 224, 225, 235, 238, 245, 247, 259, 190, 204, 247, 1, 1, 7, 3, -1, 2, 1, 1, 1, 11, 2, 14, 43, 2, 0, 11, 2, -1, 2, -1, 1, 5, -1, 10, 22, 5, 1, 11, 92, 91, 91,
SMDVR
25, 0, 3, 12, 54, 69, 86, 151, 152, 169, 187, 188, 189, 190, 191, 192, 200, 204, 206, 234, 239, 244, 246, 257, 258, 189, 3, 0, 4, 1, 0, 0, 10, 4, -2, 32, 26, 6, 2, 0, 0, 3, -1, 3, 10, 22, 17, 2, 3, 13, 92,
URADL
5, 80, 84, 125, 131, 183, 0, 0, 10, 0, 3,
URADR
5, 81, 85, 126, 132, 134, 0, 0, 8, 0, 0,
URAVL
8, 0, 86, 112, 127, 129, 133, 135, 212, 1, 0, 1, 4, 4, 0, 0, 0,
URAVR
7, 78, 87, 130, 134, 136, 198, 202, 1, 0, 4, 0, 0, 0, 0,
URBL
7, 2, 84, 127, 178, 252, 153, 155, 0, 0, 1, 2, 1, 91, 91,
URBR
8, 3, 7, 24, 85, 134, 191, 192, 255, 0, 6, 1, 0, 3, 0, 0, 8,
URXL
18, 0, 4, 14, 17, 27, 43, 51, 86, 110, 133, 178, 187, 196, 203, 219, 252, 254, 258, 0, -1, -1, -2, 0, 0, 0, 0, -1, -3, -2, 0, 0, -9, 0, -26, -3, 0,
URXR
22, 1, 3, 5, 7, 15, 17, 52, 60, 78, 85, 128, 134, 136, 180, 195, 197, 203, 209, 220, 253, 257, 134, 0, 0, -10, 0, -5, -2, 0, -1, 0, 0, 0, -1, -1, -1, -3, 0, -6, -1, 0, -16, 0, 91,
URYDL
7, 20, 84, 110, 151, 153, 189, 252, 3, 0, 0, 2, 3, -3, 0,
URYDR
6, 1, 85, 126, 204, 249, 54, 2, 0, 2, -1, 0, 91,
URYVL
7, 86, 129, 151, 152, 204, 212, 54, 0, 4, 1, 3, -1, 0, 91,
URYVR
10, 5, 75, 87, 190, 197, 198, 204, 211, 251, 53, 0, 0, 0, -2, 2, 0, -5, 0, 0, 91,
VA01
8, 53, 59, 60, 113, 225, 264, 272, 289, 2, 12, 5, 0, 1, 2, 7, 8,
VA10
8, 53, 54, 55, 57, 280, 290, 53, 54, -9, 4, 1, 2, 1, 2, 91, 91,
VA11
14, 53, 54, 58, 63, 172, 178, 263, 281, 282, 273, 291, 292, 53, 54, 6, 13, 1, 1, 1, 1, 4, 2, 2, 3, 2, 3, 91, 97,
VA12
16, 53, 57, 96, 110, 163, 164, 165, 166, 175, 177, 186, 274, 292, 293, 54, 166, 5, 1, 1, 1, -5, -1, -6, -8, -3, 1, 0, 5, 13, 11, 91, 91,
VA02
12, 53, 54, 55, 58, 60, 62, 71, 110, 225, 272, 275, 294, 8, 5, 3, 1, 4, 1, 0, 2, 2, 2, 5, 12,
VA03
12, 53, 54, 56, 57, 58, 59, 60, 225, 264, 272, 275, 295, 6, 6, 3, 3, 2, 1, 1, 2, 2, 2, 11, 4,
VA04
10, 53, 54, 56, 60, 225, 265, 272, 276, 277, 296, 7, -6, 2, 2, 2, 2, 2, 10, 1, 1,
VA05
8, 53, 54, 57, 58, 268, 276, 277, 297, 7, 2, 1, 3, 2, 1, 1, 2,
VA06
10, 53, 54, 63, 110, 116, 178, 267, 278, 297, 298, 8, 9, 1, 1, 2, 1, 2, 2, 1, 3,
VA07
4, 53, 54, 279, 299, 7, 7, 3, -2,
VA08
5, 53, 54, 110, 279, 300, 7, 7, 1, 2, 2,
VA09
6, 53, 54, 175, 280, 300, 301, 7, 7, 0, 1, 1, 3,
VB01
12, 2, 13, 61, 110, 114, 192, 199, 200, 247, 264, 289, 297, 0, 3, 2, 1, 1, 0, 8, 2, 1, 1, -5, 1,
VB10
4, 262, 291, 55, 56, 6, 1, 92, 91,
VB11
8, 110, 172, 173, 263, 292, 55, 56, 263, 2, 1, 3, 4, 1, 92, 91, 91,
VB02
10, 20, 55, 61, 104, 225, 264, 265, 285, 294, 295, 1, 3, 2, 1, 1, 1, 1, 1, 4, 2,
VB03
7, 71, 173, 183, 265, 266, 295, 296, 1, 1, 2, 3, 8, -1, 2,
VB04
7, 172, 173, 266, 267, 268, 285, 297, 3, 1, 1, 1, 1, 1, 2,
VB05
4, 175, 268, 277, 298, 1, 7, 1, 1,
VB06
6, 172, 173, 175, 269, 270, 299, 2, 4, 4, 1, 1, 2,
VB07
3, 271, 299, 300, 1, -1, 2,
VB08
3, 271, 261, 301, 1, 1, -2,
VB09
2, 261, 290, 1, 1,
VC01
5, 61, 63, 70, 284, 285, -1, 2, -2, 3, 5,
VC02
7, 70, 116, 178, 182, 275, 283, 285, -2, 6, 1, 1, 1, 4, 2,
VC03
5, 55, 116, 283, 284, 286, 3, 1, 2, 4, 1,
VC04
2, 116, 287, 1, 4,
VC05
4, 115, 116, 286, 287, 9, 2, 2, 6,
VC06
1, 70, -1,
VD01
10, 28, 64, 182, 225, 260, 264, 272, 283, 284, 285, 20, 0, 0, 4, 3, 1, 4, 5, 2, 2,
VD10
9, 29, 95, 96, 103, 174, 271, 261, 281, 282, 10, 7, 5, 7, 0, 3, 2, 6, 5,
VD11
11, 29, 95, 96, 103, 157, 271, 261, 262, 282, 273, 288, 10, 5, 11, 5, 10, 3, 3, 5, 6, 7, 5,
VD12
16, 30, 70, 95, 96, 103, 157, 158, 177, 185, 261, 262, 263, 273, 274, 288, 293, 20, 0, 5, 11, 5, 12, 10, 1, 0, 3, 3, 7, 6, 2, 3, 0,
VD13
10, 30, 95, 96, 103, 111, 157, 158, 178, 263, 274, 4, 5, 1, 5, 0, 10, 10, 2, 12, 22,
VD02
14, 31, 59, 88, 89, 97, 104, 225, 264, 265, 272, 275, 283, 284, 285, 21, 1, 4, 17, 24, 0, 2, 27, 3, 2, 14, 1, 3, 1,
VD03
14, 32, 56, 59, 89, 90, 97, 98, 105, 178, 265, 275, 276, 283, 285, 23, 2, 1, 11, 43, 2, 33, 0, 3, 11, 4, 4, 2, 2,
VD04
15, 33, 90, 91, 93, 98, 99, 101, 105, 178, 266, 276, 277, 283, 284, 285, 21, 13, 11, 3, 15, 9, 3, 0, 6, 8, 6, 1, 4, 6, 3,
VD05
13, 34, 91, 92, 93, 99, 101, 193, 267, 268, 277, 283, 284, 285, 12, 21, 1, 3, 24, 3, 0, 9, 3, 3, 4, 4, 3,
VD06
14, 35, 92, 93, 99, 100, 101, 178, 268, 269, 278, 279, 283, 284, 285, 20, 22, 13, 4, 14, 13, 1, 6, 2, 10, 1, 1, 2, 5,
VD07
10, 36, 93, 94, 101, 102, 178, 269, 270, 279, 285, 20, 13, 10, 13, 10, 1, 13, 2, 22, 8,
VD08
7, 37, 94, 95, 102, 103, 270, 280, 20, 12, 5, 12, 5, 3, 5,
VD09
11, 38, 94, 95, 96, 102, 103, 112, 270, 271, 280, 281, 20, 10, 5, 5, 10, 5, 0, 3, 2, 6, 5,
